117.8 59.98 49.99
119.3 60.98 49.99
119.1 59.98 49.99
117.1 60.98 49.99
118.8 59.98 49.99
118.8 60.98 49.99
118.0 59.98 49.99
118.3 60.98 49.99
118.8 59.98 49.99
118.5 60.98 49.99
117.2 59.98 49.99
118.1 60.98 49.99
118.3 59.98 49.99
118.3 60.98 49.99
118.5 59.98 49.99
118.8 60.98 49.99
119.3 59.98 49.99
117.4 60.98 49.99
118.2 59.98 49.99
118.4 60.98 49.99
119.4 59.98 49.99
117.8 60.98 49.99
117.2 59.98 49.99
118.0 60.98 49.99
117.8 59.98 49.99
118.4 60.98 49.99
119.5 59.98 49.99
116.8 60.98 49.99
118.8 59.98 49.99
118.5 60.98 49.99
119.6 59.98 48.99
119.9 60.98 48.99
119.7 59.98 48.99
119.3 60.98 48.99
119.4 59.98 48.99
119.1 60.98 48.99
119.5 59.98 48.99
119.7 60.98 48.99
