0 0 73.5
2 0 71.6
4 0 73.8
6 0 72.6
8 0 73.6
10 0 72.2
12 0 73.6
14 0 72.3
16 0 73.8
18 0 71.2
20 0 73.3
22 0 70.8
24 0 73.4
26 0 72.5
28 0 73.9
30 0 72.5
32 0 72.3
34 0 73.6
36 0 72.5
38 0 71.2
40 0 72.2
42 0 71.4
44 0 71.3
46 0 71.1
48 0 72.6
50 0 70.2
52 0 72.8
54 0 71.4
56 0 71.6
58 0 73.7
0 2 72.1
2 2 72.4
4 2 72.4
6 2 72.2
8 2 70.4
10 2 73.2
12 2 73.5
14 2 72.2
16 2 73.8
18 2 72.2
20 2 71.2
22 2 71.9
24 2 72.8
26 2 72.1
28 2 75.5
30 2 73.5
32 2 72.0
34 2 73.4
36 2 73.3
38 2 73.7
40 2 73.4
42 2 71.6
44 2 72.4
46 2 73.7
48 2 72.9
50 2 72.8
52 2 72.5
54 2 72.9
56 2 72.3
58 2 72.6
0 4 72.3
2 4 73.4
4 4 74.7
6 4 72.9
8 4 73.4
10 4 73.0
12 4 72.7
14 4 72.0
16 4 74.3
18 4 72.8
20 4 74.5
22 4 70.7
24 4 75.0
26 4 71.4
28 4 73.4
30 4 72.2
32 4 74.3
34 4 72.2
36 4 74.6
38 4 72.7
40 4 71.7
42 4 72.6
44 4 71.1
46 4 73.0
48 4 72.1
50 4 73.3
52 4 72.9
54 4 73.8
56 4 71.2
58 4 71.8
0 6 71.9
2 6 72.6
4 6 72.3
6 6 73.7
8 6 73.9
10 6 71.9
12 6 73.9
14 6 72.5
16 6 72.0
18 6 74.6
20 6 74.1
22 6 70.9
24 6 73.2
26 6 72.3
28 6 73.7
30 6 72.7
32 6 71.9
34 6 72.9
36 6 73.5
38 6 73.5
40 6 72.7
42 6 71.7
44 6 73.0
46 6 73.2
48 6 72.5
50 6 73.7
52 6 72.0
54 6 73.7
56 6 72.7
58 6 71.7
0 8 73.2
2 8 72.7
4 8 71.3
6 8 73.3
8 8 71.1
10 8 71.6
12 8 73.2
14 8 74.2
16 8 71.4
18 8 73.8
20 8 73.6
22 8 72.8
24 8 72.4
26 8 72.1
28 8 72.9
30 8 73.8
32 8 74.4
34 8 73.0
36 8 73.2
38 8 71.9
40 8 71.5
42 8 72.6
44 8 72.4
46 8 72.5
48 8 73.3
50 8 73.3
52 8 72.5
54 8 74.1
56 8 73.8
58 8 72.8
0 10 71.4
2 10 72.7
4 10 73.2
6 10 74.1
8 10 71.9
10 10 73.8
12 10 74.8
14 10 72.4
16 10 73.6
18 10 72.1
20 10 72.2
22 10 72.7
24 10 71.5
26 10 72.6
28 10 73.7
30 10 73.6
32 10 73.1
34 10 72.4
36 10 72.5
38 10 73.0
40 10 73.3
42 10 73.1
44 10 72.8
46 10 75.1
48 10 73.5
50 10 71.9
52 10 73.7
54 10 72.8
56 10 72.5
58 10 72.1
0 12 72.4
2 12 73.7
4 12 71.1
6 12 72.0
8 12 73.1
10 12 73.2
12 12 73.4
14 12 73.1
16 12 73.4
18 12 73.2
20 12 72.6
22 12 73.7
24 12 73.9
26 12 73.5
28 12 71.7
30 12 72.7
32 12 74.1
34 12 72.8
36 12 73.6
38 12 74.6
40 12 71.7
42 12 73.6
44 12 73.9
46 12 73.6
48 12 72.5
50 12 73.3
52 12 72.4
54 12 72.8
56 12 72.8
58 12 74.2
0 14 72.3
2 14 73.6
4 14 72.7
6 14 73.2
8 14 74.9
10 14 72.0
12 14 73.6
14 14 72.5
16 14 75.0
18 14 73.8
20 14 74.0
22 14 74.9
24 14 72.7
26 14 73.2
28 14 73.2
30 14 73.3
32 14 73.8
34 14 71.5
36 14 72.0
38 14 73.1
40 14 72.3
42 14 72.2
44 14 73.6
46 14 73.4
48 14 73.1
50 14 73.6
52 14 72.2
54 14 73.6
56 14 72.5
58 14 73.8
0 16 73.5
2 16 73.6
4 16 74.3
6 16 73.1
8 16 74.6
10 16 72.2
12 16 71.9
14 16 72.2
16 16 73.2
18 16 72.9
20 16 72.0
22 16 73.2
24 16 71.9
26 16 72.9
28 16 71.2
30 16 71.7
32 16 73.1
34 16 72.5
36 16 73.7
38 16 71.9
40 16 73.1
42 16 73.2
44 16 73.0
46 16 73.3
48 16 74.0
50 16 74.4
52 16 75.1
54 16 73.2
56 16 73.0
58 16 73.9
0 18 72.9
2 18 74.0
4 18 74.3
6 18 73.6
8 18 74.8
10 18 74.3
12 18 72.2
14 18 74.1
16 18 72.2
18 18 73.0
20 18 73.8
22 18 73.5
24 18 72.9
26 18 72.6
28 18 71.8
30 18 73.0
32 18 73.5
34 18 72.8
36 18 72.5
38 18 72.2
40 18 73.2
42 18 73.3
44 18 71.7
46 18 72.4
48 18 72.2
50 18 72.5
52 18 72.3
54 18 74.4
56 18 72.9
58 18 74.3
0 20 73.1
2 20 74.0
4 20 72.8
6 20 72.3
8 20 72.4
10 20 74.2
12 20 74.8
14 20 72.0
16 20 74.6
18 20 74.0
20 20 72.9
22 20 73.9
24 20 74.8
26 20 74.3
28 20 72.6
30 20 73.7
32 20 72.3
34 20 73.4
36 20 73.2
38 20 73.8
40 20 74.5
42 20 71.7
44 20 72.7
46 20 71.4
48 20 71.4
50 20 73.1
52 20 73.5
54 20 73.6
56 20 73.3
58 20 75.7
0 22 74.4
2 22 75.4
4 22 73.6
6 22 73.5
8 22 74.0
10 22 74.9
12 22 73.5
14 22 74.0
16 22 73.8
18 22 71.8
20 22 74.1
22 22 73.4
24 22 73.9
26 22 73.0
28 22 73.1
30 22 73.0
32 22 73.0
34 22 74.8
36 22 74.7
38 22 74.3
40 22 75.4
42 22 73.3
44 22 75.7
46 22 74.6
48 22 74.7
50 22 73.5
52 22 74.4
54 22 72.3
56 22 72.1
58 22 72.7
0 24 74.7
2 24 73.0
4 24 72.0
6 24 71.6
8 24 72.5
10 24 74.9
12 24 77.1
14 24 77.4
16 24 76.6
18 24 76.3
20 24 77.6
22 24 77.0
24 24 76.9
26 24 75.0
28 24 74.6
30 24 72.3
32 24 74.0
34 24 74.2
36 24 73.0
38 24 74.9
40 24 74.6
42 24 72.9
44 24 75.0
46 24 72.8
48 24 72.7
50 24 75.2
52 24 75.2
54 24 74.9
56 24 73.4
58 24 74.4
0 26 73.0
2 26 74.9
4 26 75.3
6 26 73.1
8 26 75.8
10 26 72.9
12 26 74.2
14 26 72.4
16 26 74.4
18 26 74.0
20 26 73.7
22 26 75.8
24 26 73.0
26 26 72.2
28 26 71.9
30 26 72.2
32 26 73.5
34 26 75.2
36 26 76.9
38 26 80.0
40 26 79.2
42 26 78.0
44 26 78.1
46 26 78.1
48 26 77.6
50 26 76.2
52 26 74.0
54 26 73.4
56 26 73.3
58 26 74.8
0 28 73.0
2 28 72.9
4 28 74.2
6 28 71.4
8 28 70.7
10 28 74.8
12 28 76.6
14 28 78.3
16 28 80.6
18 28 80.3
20 28 81.5
22 28 79.7
24 28 76.3
26 28 74.5
28 28 73.9
30 28 72.5
32 28 75.5
34 28 72.8
36 28 74.8
38 28 73.1
40 28 73.5
42 28 73.0
44 28 73.1
46 28 73.7
48 28 72.6
50 28 74.0
52 28 73.2
54 28 73.7
56 28 74.2
58 28 73.4
0 30 72.4
2 30 72.6
4 30 75.0
6 30 73.5
8 30 73.8
10 30 73.2
12 30 73.0
14 30 74.6
16 30 74.0
18 30 73.3
20 30 73.3
22 30 74.0
24 30 73.6
26 30 72.9
28 30 71.7
30 30 71.7
32 30 73.0
34 30 74.0
36 30 74.3
38 30 78.6
40 30 79.7
42 30 80.9
44 30 79.5
46 30 78.6
48 30 74.9
50 30 74.4
52 30 71.7
54 30 70.3
56 30 73.1
58 30 74.1
0 32 71.1
2 32 73.0
4 32 72.6
6 32 70.7
8 32 73.5
10 32 73.9
12 32 75.3
14 32 78.2
16 32 79.1
18 32 79.2
20 32 80.3
22 32 77.7
24 32 74.8
26 32 75.0
28 32 72.6
30 32 73.5
32 32 73.2
34 32 72.5
36 32 73.3
38 32 73.3
40 32 73.1
42 32 72.5
44 32 73.9
46 32 73.1
48 32 72.6
50 32 74.3
52 32 72.3
54 32 75.6
56 32 73.8
58 32 74.0
0 34 73.6
2 34 72.2
4 34 73.3
6 34 73.9
8 34 74.9
10 34 74.7
12 34 75.2
14 34 75.1
16 34 73.0
18 34 74.1
20 34 74.5
22 34 76.0
24 34 72.7
26 34 72.8
28 34 73.0
30 34 71.0
32 34 74.7
34 34 75.2
36 34 77.1
38 34 79.4
40 34 77.3
42 34 79.3
44 34 77.1
46 34 74.6
48 34 74.3
50 34 73.0
52 34 72.6
54 34 72.1
56 34 73.5
58 34 73.6
0 36 73.7
2 36 72.8
4 36 71.0
6 36 71.6
8 36 71.2
10 36 72.9
12 36 73.9
14 36 75.1
16 36 74.2
18 36 75.8
20 36 76.2
22 36 77.0
24 36 76.9
26 36 76.1
28 36 75.0
30 36 72.8
32 36 72.2
34 36 72.1
36 36 74.2
38 36 74.6
40 36 73.3
42 36 74.4
44 36 74.9
46 36 74.7
48 36 74.3
50 36 73.5
52 36 74.5
54 36 75.9
56 36 72.6
58 36 73.4
0 38 73.5
2 38 74.7
4 38 73.3
6 38 74.5
8 38 74.7
10 38 72.8
12 38 73.2
14 38 72.5
16 38 74.1
18 38 76.1
20 38 72.1
22 38 74.7
24 38 73.4
26 38 70.7
28 38 72.9
30 38 71.8
32 38 73.1
34 38 74.5
36 38 73.9
38 38 76.7
40 38 74.3
42 38 72.7
44 38 71.1
46 38 73.6
48 38 72.8
50 38 71.9
52 38 71.3
54 38 73.8
56 38 72.3
58 38 73.4
0 40 73.4
2 40 73.1
4 40 74.1
6 40 70.1
8 40 72.7
10 40 71.9
12 40 72.1
14 40 71.9
16 40 72.3
18 40 71.7
20 40 72.3
22 40 71.9
24 40 73.4
26 40 74.2
28 40 73.5
30 40 72.5
32 40 74.2
34 40 73.4
36 40 73.8
38 40 75.1
40 40 72.8
42 40 74.3
44 40 73.7
46 40 75.1
48 40 72.2
50 40 73.9
52 40 72.8
54 40 73.3
56 40 75.2
58 40 72.2
0 42 74.7
2 42 74.1
4 42 72.7
6 42 74.3
8 42 74.6
10 42 72.9
12 42 74.8
14 42 72.2
16 42 74.1
18 42 73.1
20 42 73.0
22 42 72.8
24 42 72.7
26 42 74.1
28 42 71.9
30 42 71.1
32 42 71.1
34 42 72.0
36 42 73.0
38 42 70.3
40 42 71.3
42 42 70.9
44 42 70.6
46 42 71.3
48 42 72.5
50 42 70.8
52 42 70.5
54 42 73.0
56 42 72.0
58 42 73.4
0 44 73.0
2 44 72.7
4 44 74.1
6 44 73.3
8 44 70.6
10 44 71.4
12 44 69.7
14 44 71.5
16 44 70.3
18 44 71.2
20 44 71.1
22 44 72.0
24 44 72.4
26 44 73.4
28 44 74.0
30 44 72.0
32 44 70.6
34 44 73.7
36 44 72.0
38 44 72.9
40 44 73.2
42 44 73.7
44 44 72.9
46 44 74.3
48 44 73.7
50 44 74.3
52 44 73.3
54 44 74.3
56 44 72.3
58 44 72.7
0 46 72.9
2 46 72.3
4 46 73.3
6 46 73.8
8 46 72.1
10 46 72.5
12 46 72.3
14 46 73.6
16 46 74.6
18 46 72.7
20 46 74.0
22 46 72.3
24 46 73.9
26 46 72.8
28 46 72.3
30 46 73.6
32 46 73.0
34 46 71.9
36 46 73.0
38 46 73.0
40 46 73.3
42 46 72.1
44 46 72.7
46 46 72.8
48 46 70.7
50 46 70.7
52 46 71.8
54 46 74.6
56 46 73.7
58 46 71.7
0 48 71.8
2 48 73.1
4 48 72.3
6 48 75.3
8 48 73.4
10 48 73.1
12 48 70.5
14 48 73.7
16 48 72.8
18 48 73.1
20 48 72.5
22 48 72.3
24 48 72.0
26 48 75.2
28 48 73.3
30 48 73.4
32 48 73.7
34 48 72.3
36 48 74.1
38 48 73.6
40 48 73.8
42 48 71.6
44 48 71.6
46 48 72.4
48 48 72.4
50 48 74.4
52 48 76.1
54 48 73.9
56 48 73.2
58 48 73.2
0 50 74.0
2 50 75.1
4 50 73.8
6 50 71.8
8 50 74.0
10 50 75.1
12 50 73.1
14 50 70.8
16 50 74.9
18 50 73.1
20 50 72.6
22 50 73.3
24 50 73.3
26 50 74.5
28 50 72.2
30 50 73.9
32 50 73.1
34 50 74.1
36 50 73.7
38 50 72.9
40 50 73.1
42 50 72.9
44 50 73.0
46 50 71.7
48 50 73.1
50 50 72.5
52 50 71.7
54 50 73.0
56 50 71.6
58 50 71.5
0 52 71.4
2 52 71.0
4 52 72.3
6 52 72.9
8 52 72.7
10 52 71.0
12 52 71.4
14 52 73.2
16 52 74.7
18 52 71.4
20 52 72.0
22 52 72.3
24 52 72.1
26 52 71.0
28 52 73.4
30 52 72.8
32 52 72.0
34 52 72.7
36 52 71.9
38 52 73.3
40 52 72.5
42 52 73.9
44 52 73.3
46 52 73.1
48 52 73.3
50 52 73.1
52 52 73.5
54 52 73.5
56 52 72.3
58 52 75.1
0 54 73.6
2 54 71.9
4 54 71.3
6 54 74.2
8 54 71.1
10 54 73.0
12 54 73.7
14 54 73.2
16 54 71.1
18 54 74.1
20 54 72.1
22 54 73.1
24 54 73.2
26 54 74.3
28 54 72.4
30 54 72.6
32 54 74.0
34 54 71.9
36 54 70.7
38 54 72.3
40 54 71.6
42 54 72.3
44 54 70.8
46 54 72.3
48 54 74.9
50 54 72.3
52 54 73.0
54 54 73.5
56 54 73.0
58 54 70.5
0 56 71.7
2 56 70.4
4 56 72.1
6 56 71.7
8 56 71.6
10 56 71.2
12 56 70.6
14 56 73.9
16 56 72.3
18 56 70.8
20 56 71.6
22 56 71.8
24 56 74.5
26 56 72.8
28 56 73.0
30 56 73.7
32 56 73.8
34 56 69.8
36 56 73.4
38 56 72.7
40 56 71.8
42 56 72.3
44 56 73.1
46 56 74.7
48 56 74.3
50 56 73.4
52 56 72.2
54 56 74.1
56 56 72.0
58 56 73.9
0 58 74.5
2 58 73.0
4 58 71.5
6 58 72.8
8 58 73.9
10 58 72.1
12 58 71.1
14 58 72.7
16 58 72.0
18 58 73.2
20 58 73.7
22 58 72.2
24 58 73.5
26 58 73.2
28 58 73.7
30 58 71.4
32 58 71.6
34 58 72.6
36 58 71.6
38 58 73.6
40 58 71.1
42 58 71.6
44 58 71.9
46 58 70.8
48 58 71.4
50 58 72.5
52 58 70.8
54 58 70.8
56 58 68.9
58 58 71.2
