0 0 73.9
1 0 72.0
2 0 74.1
3 0 71.8
4 0 72.4
5 0 73.2
6 0 72.6
7 0 73.6
8 0 74.8
9 0 71.9
10 0 74.5
11 0 73.4
12 0 73.2
13 0 74.9
14 0 71.2
15 0 73.5
16 0 74.7
17 0 73.3
18 0 72.4
19 0 72.2
20 0 74.4
21 0 72.1
22 0 72.3
23 0 71.5
24 0 73.7
25 0 73.7
26 0 73.1
27 0 73.0
28 0 73.3
29 0 73.5
0 1 72.4
1 1 72.9
2 1 74.2
3 1 75.8
4 1 72.1
5 1 72.6
6 1 73.7
7 1 72.5
8 1 73.2
9 1 75.9
10 1 71.9
11 1 71.9
12 1 73.0
13 1 74.7
14 1 74.4
15 1 72.3
16 1 72.3
17 1 73.5
18 1 72.7
19 1 73.0
20 1 71.5
21 1 74.4
22 1 72.5
23 1 73.0
24 1 72.1
25 1 73.1
26 1 72.9
27 1 73.7
28 1 74.2
29 1 72.5
0 2 72.5
1 2 71.8
2 2 70.3
3 2 71.5
4 2 72.9
5 2 72.3
6 2 71.3
7 2 72.4
8 2 72.9
9 2 73.0
10 2 72.9
11 2 71.6
12 2 72.5
13 2 72.0
14 2 73.0
15 2 73.1
16 2 72.8
17 2 72.8
18 2 74.5
19 2 75.2
20 2 71.9
21 2 72.7
22 2 73.2
23 2 74.4
24 2 71.3
25 2 72.6
26 2 73.1
27 2 73.9
28 2 73.4
29 2 73.3
0 3 73.4
1 3 74.7
2 3 70.8
3 3 71.1
4 3 74.0
5 3 74.3
6 3 72.2
7 3 73.2
8 3 73.4
9 3 73.0
10 3 72.1
11 3 73.6
12 3 73.4
13 3 73.4
14 3 71.9
15 3 74.7
16 3 71.7
17 3 73.7
18 3 72.2
19 3 73.0
20 3 73.1
21 3 72.5
22 3 73.2
23 3 72.2
24 3 73.1
25 3 72.1
26 3 72.8
27 3 70.9
28 3 71.8
29 3 72.1
0 4 73.6
1 4 72.6
2 4 73.1
3 4 73.0
4 4 72.1
5 4 71.9
6 4 72.9
7 4 73.2
8 4 74.5
9 4 71.7
10 4 74.7
11 4 73.9
12 4 72.4
13 4 72.5
14 4 74.0
15 4 72.3
16 4 73.0
17 4 73.4
18 4 73.9
19 4 74.2
20 4 72.7
21 4 73.1
22 4 73.4
23 4 72.8
24 4 72.7
25 4 71.1
26 4 72.6
27 4 72.4
28 4 71.2
29 4 72.8
0 5 73.2
1 5 71.9
2 5 72.9
3 5 71.7
4 5 76.4
5 5 72.7
6 5 74.5
7 5 72.5
8 5 72.5
9 5 72.4
10 5 72.7
11 5 74.0
12 5 73.2
13 5 72.9
14 5 74.1
15 5 73.4
16 5 72.0
17 5 72.6
18 5 70.8
19 5 73.3
20 5 74.3
21 5 74.8
22 5 74.1
23 5 74.3
24 5 73.1
25 5 77.1
26 5 73.3
27 5 72.5
28 5 72.1
29 5 72.9
0 6 75.4
1 6 72.9
2 6 74.5
3 6 73.5
4 6 73.3
5 6 74.8
6 6 75.4
7 6 75.0
8 6 73.4
9 6 73.7
10 6 72.8
11 6 72.6
12 6 72.6
13 6 73.2
14 6 72.0
15 6 72.3
16 6 71.5
17 6 72.7
18 6 71.7
19 6 74.4
20 6 73.0
21 6 73.8
22 6 73.3
23 6 71.2
24 6 73.4
25 6 72.1
26 6 72.9
27 6 73.0
28 6 73.7
29 6 72.8
0 7 72.2
1 7 73.9
2 7 73.6
3 7 72.8
4 7 72.3
5 7 71.6
6 7 73.2
7 7 72.9
8 7 72.2
9 7 73.4
10 7 73.5
11 7 72.7
12 7 73.4
13 7 73.6
14 7 73.8
15 7 72.2
16 7 72.0
17 7 73.0
18 7 74.1
19 7 72.0
20 7 73.8
21 7 74.8
22 7 74.1
23 7 75.0
24 7 75.1
25 7 75.3
26 7 75.8
27 7 74.9
28 7 73.4
29 7 74.0
0 8 75.6
1 8 74.5
2 8 75.9
3 8 73.9
4 8 76.2
5 8 77.1
6 8 76.1
7 8 75.4
8 8 75.8
9 8 75.6
10 8 72.6
11 8 75.3
12 8 72.4
13 8 74.4
14 8 72.2
15 8 72.4
16 8 73.1
17 8 73.0
18 8 72.1
19 8 73.0
20 8 73.4
21 8 75.3
22 8 72.2
23 8 73.1
24 8 72.6
25 8 73.9
26 8 70.8
27 8 73.3
28 8 72.8
29 8 73.1
0 9 75.1
1 9 73.0
2 9 73.3
3 9 73.2
4 9 73.4
5 9 73.4
6 9 73.5
7 9 73.3
8 9 75.2
9 9 72.9
10 9 74.2
11 9 73.6
12 9 71.9
13 9 73.9
14 9 72.2
15 9 72.0
16 9 71.7
17 9 72.9
18 9 74.6
19 9 74.5
20 9 74.6
21 9 75.1
22 9 73.9
23 9 75.5
24 9 76.3
25 9 77.1
26 9 76.5
27 9 77.5
28 9 77.0
29 9 76.9
0 10 77.2
1 10 78.2
2 10 78.3
3 10 77.7
4 10 78.9
5 10 79.0
6 10 77.7
7 10 76.5
8 10 75.8
9 10 75.3
10 10 75.8
11 10 73.2
12 10 72.3
13 10 70.3
14 10 71.5
15 10 73.3
16 10 71.4
17 10 74.0
18 10 72.0
19 10 71.3
20 10 72.2
21 10 72.4
22 10 74.2
23 10 73.5
24 10 73.7
25 10 70.9
26 10 72.9
27 10 73.8
28 10 71.4
29 10 72.2
0 11 73.3
1 11 72.6
2 11 74.1
3 11 75.1
4 11 73.6
5 11 75.1
6 11 73.2
7 11 73.6
8 11 73.4
9 11 73.8
10 11 72.1
11 11 73.3
12 11 73.2
13 11 72.1
14 11 72.6
15 11 73.7
16 11 72.1
17 11 70.9
18 11 73.5
19 11 74.1
20 11 75.0
21 11 74.7
22 11 75.6
23 11 78.7
24 11 79.4
25 11 79.0
26 11 79.1
27 11 78.9
28 11 79.0
29 11 78.0
0 12 78.3
1 12 80.0
2 12 79.8
3 12 79.8
4 12 79.8
5 12 79.7
6 12 77.6
7 12 76.4
8 12 75.9
9 12 74.2
10 12 72.8
11 12 72.0
12 12 71.5
13 12 72.9
14 12 72.6
15 12 72.0
16 12 71.0
17 12 71.9
18 12 72.4
19 12 73.3
20 12 72.2
21 12 71.4
22 12 72.2
23 12 72.7
24 12 71.3
25 12 73.3
26 12 75.0
27 12 71.5
28 12 73.1
29 12 72.1
0 13 69.8
1 13 72.7
2 13 74.0
3 13 72.5
4 13 73.5
5 13 72.7
6 13 72.7
7 13 72.5
8 13 73.9
9 13 73.5
10 13 73.2
11 13 71.7
12 13 72.6
13 13 71.0
14 13 71.3
15 13 71.8
16 13 71.5
17 13 72.4
18 13 71.6
19 13 72.6
20 13 73.9
21 13 73.5
22 13 74.8
23 13 76.7
24 13 77.0
25 13 77.2
26 13 78.1
27 13 80.5
28 13 80.7
29 13 80.5
0 14 79.2
1 14 79.3
2 14 80.5
3 14 79.5
4 14 79.4
5 14 76.4
6 14 74.6
7 14 75.0
8 14 74.2
9 14 72.9
10 14 72.4
11 14 72.1
12 14 71.7
13 14 70.6
14 14 71.5
15 14 71.9
16 14 70.7
17 14 73.0
18 14 72.5
19 14 73.2
20 14 71.6
21 14 72.1
22 14 71.9
23 14 70.9
24 14 72.8
25 14 72.9
26 14 73.5
27 14 72.8
28 14 73.0
29 14 71.8
0 15 73.5
1 15 72.5
2 15 73.5
3 15 71.8
4 15 71.9
5 15 72.2
6 15 74.0
7 15 72.3
8 15 72.2
9 15 71.6
10 15 73.2
11 15 73.5
12 15 73.3
13 15 71.7
14 15 70.1
15 15 70.6
16 15 70.7
17 15 71.1
18 15 71.4
19 15 73.7
20 15 73.5
21 15 72.0
22 15 74.8
23 15 74.8
24 15 75.7
25 15 78.2
26 15 78.8
27 15 78.1
28 15 79.8
29 15 79.9
0 16 79.0
1 16 80.0
2 16 77.7
3 16 79.3
4 16 79.6
5 16 77.7
6 16 75.6
7 16 74.9
8 16 74.0
9 16 74.0
10 16 74.4
11 16 71.9
12 16 72.1
13 16 71.7
14 16 69.5
15 16 72.0
16 16 70.3
17 16 70.0
18 16 71.9
19 16 72.8
20 16 72.9
21 16 73.4
22 16 71.5
23 16 72.5
24 16 73.9
25 16 74.6
26 16 70.8
27 16 74.3
28 16 72.5
29 16 71.3
0 17 73.1
1 17 72.7
2 17 73.3
3 17 72.4
4 17 72.6
5 17 71.7
6 17 71.6
7 17 72.7
8 17 72.1
9 17 71.6
10 17 73.1
11 17 72.3
12 17 70.5
13 17 71.9
14 17 70.3
15 17 71.0
16 17 71.2
17 17 72.6
18 17 70.1
19 17 74.4
20 17 72.7
21 17 74.6
22 17 75.3
23 17 76.6
24 17 78.3
25 17 78.0
26 17 80.4
27 17 79.9
28 17 79.1
29 17 81.0
0 18 76.9
1 18 77.0
2 18 79.4
3 18 79.3
4 18 79.1
5 18 77.8
6 18 76.9
7 18 76.2
8 18 74.9
9 18 75.5
10 18 73.0
11 18 72.9
12 18 72.1
13 18 73.0
14 18 72.3
15 18 71.0
16 18 71.8
17 18 70.1
18 18 72.3
19 18 71.6
20 18 74.7
21 18 73.0
22 18 72.4
23 18 71.8
24 18 72.4
25 18 73.3
26 18 72.4
27 18 72.6
28 18 72.2
29 18 71.7
0 19 71.3
1 19 73.6
2 19 70.8
3 19 72.5
4 19 73.9
5 19 72.5
6 19 71.2
7 19 74.5
8 19 72.1
9 19 71.0
10 19 71.8
11 19 72.5
12 19 71.5
13 19 70.7
14 19 70.6
15 19 70.7
16 19 70.8
17 19 73.3
18 19 70.5
19 19 72.7
20 19 73.3
21 19 74.6
22 19 74.7
23 19 77.8
24 19 75.7
25 19 76.9
26 19 78.2
27 19 77.1
28 19 77.3
29 19 75.8
0 20 74.4
1 20 75.9
2 20 75.1
3 20 75.2
4 20 76.0
5 20 75.8
6 20 77.0
7 20 76.7
8 20 74.7
9 20 75.2
10 20 73.6
11 20 74.0
12 20 72.6
13 20 71.0
14 20 72.0
15 20 70.6
16 20 69.6
17 20 71.9
18 20 72.1
19 20 71.4
20 20 71.6
21 20 72.2
22 20 71.9
23 20 73.1
24 20 71.8
25 20 72.5
26 20 73.4
27 20 72.5
28 20 72.1
29 20 72.2
0 21 71.2
1 21 69.0
2 21 71.2
3 21 71.3
4 21 73.4
5 21 71.2
6 21 71.8
7 21 72.2
8 21 73.2
9 21 71.9
10 21 70.0
11 21 72.0
12 21 72.0
13 21 69.2
14 21 70.0
15 21 69.7
16 21 70.3
17 21 72.6
18 21 72.9
19 21 73.0
20 21 73.8
21 21 72.8
22 21 74.2
23 21 74.8
24 21 74.8
25 21 74.6
26 21 73.2
27 21 73.4
28 21 74.5
29 21 73.5
0 22 74.0
1 22 73.5
2 22 71.5
3 22 73.5
4 22 72.9
5 22 74.3
6 22 73.6
7 22 72.6
8 22 73.9
9 22 73.9
10 22 73.6
11 22 73.2
12 22 71.6
13 22 70.6
14 22 71.9
15 22 70.7
16 22 70.1
17 22 70.8
18 22 70.9
19 22 70.7
20 22 72.5
21 22 71.5
22 22 71.2
23 22 71.1
24 22 71.9
25 22 71.4
26 22 72.0
27 22 72.5
28 22 70.6
29 22 72.9
0 23 71.7
1 23 71.4
2 23 71.3
3 23 71.0
4 23 71.5
5 23 74.7
6 23 69.2
7 23 73.0
8 23 70.6
9 23 72.5
10 23 71.5
11 23 71.5
12 23 70.7
13 23 70.9
14 23 72.8
15 23 69.5
16 23 72.0
17 23 71.2
18 23 71.5
19 23 72.0
20 23 72.8
21 23 73.4
22 23 73.1
23 23 74.3
24 23 73.9
25 23 73.0
26 23 72.6
27 23 71.8
28 23 71.7
29 23 69.0
0 24 70.7
1 24 70.3
2 24 71.0
3 24 70.6
4 24 73.5
5 24 72.3
6 24 73.9
7 24 72.9
8 24 72.1
9 24 72.4
10 24 71.2
11 24 73.6
12 24 73.0
13 24 70.8
14 24 70.5
15 24 72.2
16 24 71.7
17 24 69.2
18 24 71.7
19 24 72.9
20 24 71.0
21 24 72.5
22 24 70.3
23 24 72.8
24 24 71.9
25 24 70.9
26 24 71.1
27 24 71.8
28 24 71.1
29 24 70.6
0 25 71.5
1 25 71.9
2 25 70.1
3 25 69.3
4 25 72.2
5 25 71.0
6 25 71.5
7 25 71.5
8 25 71.6
9 25 72.3
10 25 73.3
11 25 69.1
12 25 70.1
13 25 71.5
14 25 70.3
15 25 72.6
16 25 70.8
17 25 71.7
18 25 69.1
19 25 69.1
20 25 71.5
21 25 70.8
22 25 72.4
23 25 72.3
24 25 70.4
25 25 72.1
26 25 70.2
27 25 69.1
28 25 69.7
29 25 71.3
0 26 70.0
1 26 69.3
2 26 70.5
3 26 69.7
4 26 69.4
5 26 69.2
6 26 72.1
7 26 71.3
8 26 71.2
9 26 69.7
10 26 68.9
11 26 70.6
12 26 71.3
13 26 71.4
14 26 71.9
15 26 70.7
16 26 72.0
17 26 70.3
18 26 70.7
19 26 70.1
20 26 72.6
21 26 71.3
22 26 72.3
23 26 72.5
24 26 72.4
25 26 72.2
26 26 70.7
27 26 72.2
28 26 71.8
29 26 72.2
0 27 71.2
1 27 70.7
2 27 71.3
3 27 70.8
4 27 72.4
5 27 71.8
6 27 72.3
7 27 70.9
8 27 71.0
9 27 70.2
10 27 71.7
11 27 71.6
12 27 71.8
13 27 70.6
14 27 71.9
15 27 70.5
16 27 71.1
17 27 70.6
18 27 71.1
19 27 69.6
20 27 69.1
21 27 69.8
22 27 69.4
23 27 70.8
24 27 68.6
25 27 68.8
26 27 68.9
27 27 69.7
28 27 69.5
29 27 69.8
0 28 69.0
1 28 70.0
2 28 69.5
3 28 69.6
4 28 70.0
5 28 69.0
6 28 71.3
7 28 69.9
8 28 70.7
9 28 70.1
10 28 71.3
11 28 70.3
12 28 68.5
13 28 71.3
14 28 70.7
15 28 71.3
16 28 70.0
17 28 70.1
18 28 70.4
19 28 69.7
20 28 71.6
21 28 70.1
22 28 72.3
23 28 72.5
24 28 71.8
25 28 71.3
26 28 73.1
27 28 72.0
28 28 72.3
29 28 72.6
0 29 72.8
1 29 70.6
2 29 70.9
3 29 71.7
4 29 72.9
5 29 69.4
6 29 72.9
7 29 70.7
8 29 69.9
9 29 71.7
10 29 69.8
11 29 70.8
12 29 70.4
13 29 70.4
14 29 70.8
15 29 70.3
16 29 70.9
17 29 70.1
18 29 70.8
19 29 71.4
20 29 68.9
21 29 71.4
22 29 69.0
23 29 70.7
24 29 68.9
25 29 68.7
26 29 68.9
27 29 67.9
28 29 69.8
29 29 71.4
