0 0 0.0
2 0 1.2000000000000028
4 0 1.259999999999991
6 0 0.8799999999999955
8 0 0.5600000000000023
10 0 2.030000000000001
12 0 2.4099999999999966
14 0 -0.18999999999999773
16 0 2.8100000000000023
18 0 -0.4300000000000068
20 0 1.9099999999999966
22 0 1.7399999999999949
24 0 2.049999999999997
26 0 -0.29999999999999716
28 0 1.509999999999991
30 0 1.7199999999999989
32 0 2.6799999999999926
34 0 1.759999999999991
36 0 0.6400000000000006
38 0 0.9500000000000028
40 0 2.6899999999999977
42 0 1.5300000000000011
44 0 0.9699999999999989
46 0 2.789999999999992
48 0 0.03999999999999204
50 0 1.789999999999992
52 0 1.1099999999999994
54 0 1.5300000000000011
56 0 2.6599999999999966
58 0 0.2599999999999909
0 2 0.9299999999999926
2 2 1.2800000000000011
4 2 1.1700000000000017
6 2 2.3400000000000034
8 2 0.9500000000000028
10 2 0.9500000000000028
12 2 0.7999999999999972
14 2 0.3199999999999932
16 2 0.7099999999999937
18 2 0.0799999999999983
20 2 1.0799999999999983
22 2 0.8700000000000045
24 2 1.4699999999999989
26 2 1.3299999999999983
28 2 0.6099999999999994
30 2 1.1599999999999966
32 2 1.509999999999991
34 2 1.6200000000000045
36 2 0.37999999999999545
38 2 0.23000000000000398
40 2 0.3400000000000034
42 2 0.009999999999990905
44 2 1.9399999999999977
46 2 1.259999999999991
48 2 3.0600000000000023
50 2 1.25
52 2 1.0900000000000034
54 2 2.769999999999996
56 2 0.45000000000000284
58 2 1.3599999999999994
0 4 1.5999999999999943
2 4 1.7000000000000028
4 4 -1.3599999999999994
6 4 1.4399999999999977
8 4 0.3100000000000023
10 4 0.8700000000000045
12 4 0.0799999999999983
14 4 -1.1800000000000068
16 4 1.8900000000000006
18 4 -0.7800000000000011
20 4 -0.07000000000000739
22 4 -1.3400000000000034
24 4 0.030000000000001137
26 4 0.8299999999999983
28 4 -0.15000000000000568
30 4 1.8400000000000034
32 4 0.789999999999992
34 4 0.3100000000000023
36 4 1.6400000000000006
38 4 0.9299999999999926
40 4 0.8400000000000034
42 4 0.769999999999996
44 4 -0.01999999999999602
46 4 1.4200000000000017
48 4 0.8799999999999955
50 4 -0.04000000000000625
52 4 1.6899999999999977
54 4 0.009999999999990905
56 4 1.0
58 4 0.46999999999999886
0 6 -0.23000000000000398
2 6 -0.5799999999999983
4 6 1.2099999999999937
6 6 0.0799999999999983
8 6 1.6299999999999955
10 6 0.9500000000000028
12 6 1.6599999999999966
14 6 0.6099999999999994
16 6 0.8499999999999943
18 6 0.7999999999999972
20 6 1.4099999999999966
22 6 -0.3200000000000074
24 6 2.3100000000000023
26 6 0.10999999999999943
28 6 1.2000000000000028
30 6 2.739999999999995
32 6 -0.3400000000000034
34 6 -1.230000000000004
36 6 -0.25
38 6 -2.980000000000004
40 6 -3.019999999999996
42 6 -2.680000000000007
44 6 -2.0400000000000063
46 6 -1.7999999999999972
48 6 -3.0799999999999983
50 6 -1.2900000000000063
52 6 -0.4399999999999977
54 6 0.8900000000000006
56 6 1.0
58 6 -0.269999999999996
0 8 1.5799999999999983
2 8 2.3299999999999983
4 8 0.9099999999999966
6 8 2.719999999999999
8 8 0.21999999999999886
10 8 0.7399999999999949
12 8 -2.5700000000000074
14 8 -1.980000000000004
16 8 -2.6899999999999977
18 8 -4.939999999999998
20 8 -4.460000000000008
22 8 -4.510000000000005
24 8 -2.799999999999997
26 8 -1.1700000000000017
28 8 0.4399999999999977
30 8 0.8999999999999915
32 8 1.0699999999999932
34 8 2.0799999999999983
36 8 1.1099999999999994
38 8 0.5099999999999909
40 8 1.0499999999999972
42 8 0.480000000000004
44 8 0.09000000000000341
46 8 0.9399999999999977
48 8 1.289999999999992
50 8 0.8100000000000023
52 8 0.6799999999999926
54 8 1.3999999999999915
56 8 1.4699999999999989
58 8 0.6599999999999966
0 10 1.3199999999999932
2 10 1.980000000000004
4 10 0.769999999999996
6 10 0.8199999999999932
8 10 1.9399999999999977
10 10 1.6299999999999955
12 10 1.509999999999991
14 10 1.0900000000000034
16 10 0.9200000000000017
18 10 2.0900000000000034
20 10 0.009999999999990905
22 10 0.06999999999999318
24 10 0.37999999999999545
26 10 3.4399999999999977
28 10 2.280000000000001
30 10 2.569999999999993
32 10 1.1799999999999926
34 10 -0.8200000000000074
36 10 -1.0499999999999972
38 10 -4.310000000000002
40 10 -6.1299999999999955
42 10 -7.579999999999998
44 10 -4.859999999999999
46 10 -3.9000000000000057
48 10 -2.200000000000003
50 10 1.019999999999996
52 10 1.009999999999991
54 10 2.009999999999991
56 10 1.5999999999999943
58 10 2.6099999999999994
0 12 0.1700000000000017
2 12 3.8700000000000045
4 12 2.6799999999999926
6 12 2.039999999999992
8 12 2.8100000000000023
10 12 3.049999999999997
12 12 0.4399999999999977
14 12 -1.1400000000000006
16 12 -2.6099999999999994
18 12 -3.210000000000008
20 12 -3.8900000000000006
22 12 -2.0900000000000034
24 12 0.35999999999999943
26 12 -1.6099999999999994
28 12 0.3400000000000034
30 12 2.6099999999999994
32 12 1.1799999999999926
34 12 0.6099999999999994
36 12 0.7099999999999937
38 12 2.200000000000003
40 12 1.9299999999999926
42 12 1.2399999999999949
44 12 0.75
46 12 1.5300000000000011
48 12 1.0
50 12 1.0300000000000011
52 12 2.3299999999999983
54 12 1.6599999999999966
56 12 1.1799999999999926
58 12 2.049999999999997
0 14 2.0900000000000034
2 14 0.6400000000000006
4 14 1.6899999999999977
6 14 2.1599999999999966
8 14 1.5799999999999983
10 14 0.39000000000000057
12 14 -0.6700000000000017
14 14 1.019999999999996
16 14 0.9899999999999949
18 14 0.9500000000000028
20 14 1.7399999999999949
22 14 -0.5
24 14 0.5799999999999983
26 14 0.09999999999999432
28 14 2.6400000000000006
30 14 1.1599999999999966
32 14 0.980000000000004
34 14 1.8400000000000034
36 14 0.23000000000000398
38 14 0.8100000000000023
40 14 2.3900000000000006
42 14 2.0
44 14 2.530000000000001
46 14 4.039999999999992
48 14 5.519999999999996
50 14 3.9599999999999937
52 14 1.980000000000004
54 14 2.980000000000004
56 14 2.319999999999993
58 14 1.1700000000000017
0 16 1.3499999999999943
2 16 1.5499999999999972
4 16 3.019999999999996
6 16 3.039999999999992
8 16 2.8100000000000023
10 16 2.989999999999995
12 16 3.289999999999992
14 16 4.340000000000003
16 16 4.6299999999999955
18 16 4.390000000000001
20 16 4.289999999999992
22 16 3.6099999999999994
24 16 0.37999999999999545
26 16 1.3499999999999943
28 16 1.8700000000000045
30 16 1.8999999999999915
32 16 4.0
34 16 2.3799999999999955
36 16 0.9099999999999966
38 16 2.25
40 16 0.6400000000000006
42 16 0.9599999999999937
44 16 0.5300000000000011
46 16 0.9500000000000028
48 16 0.8999999999999915
50 16 1.0
52 16 1.75
54 16 2.0799999999999983
56 16 1.5699999999999932
58 16 2.5900000000000034
0 18 2.1499999999999915
2 18 1.6599999999999966
4 18 1.8199999999999932
6 18 1.230000000000004
8 18 0.6799999999999926
10 18 1.4500000000000028
12 18 2.5
14 18 1.1400000000000006
16 18 1.0699999999999932
18 18 0.6700000000000017
20 18 3.049999999999997
22 18 2.1099999999999994
24 18 2.200000000000003
26 18 3.3299999999999983
28 18 2.3100000000000023
30 18 3.039999999999992
32 18 2.569999999999993
34 18 0.9899999999999949
36 18 3.019999999999996
38 18 4.450000000000003
40 18 5.280000000000001
42 18 4.829999999999998
44 18 3.8999999999999915
46 18 4.009999999999991
48 18 4.8700000000000045
50 18 5.280000000000001
52 18 2.25
54 18 4.159999999999997
56 18 4.179999999999993
58 18 2.3400000000000034
0 20 1.4099999999999966
2 20 2.780000000000001
4 20 4.359999999999999
6 20 2.789999999999992
8 20 3.9299999999999926
10 20 3.9599999999999937
12 20 6.030000000000001
14 20 4.390000000000001
16 20 6.140000000000001
18 20 4.829999999999998
20 20 4.549999999999997
22 20 3.519999999999996
24 20 2.5900000000000034
26 20 1.7000000000000028
28 20 3.549999999999997
30 20 1.8599999999999994
32 20 3.1599999999999966
34 20 3.3100000000000023
36 20 1.759999999999991
38 20 0.6599999999999966
40 20 1.5
42 20 1.9899999999999949
44 20 1.5900000000000034
46 20 0.9699999999999989
48 20 2.469999999999999
50 20 1.9599999999999937
52 20 2.230000000000004
54 20 1.5600000000000023
56 20 0.8799999999999955
58 20 1.759999999999991
0 22 1.6599999999999966
2 22 1.8900000000000006
4 22 1.9699999999999989
6 22 0.6200000000000045
8 22 1.3299999999999983
10 22 0.7599999999999909
12 22 1.4200000000000017
14 22 0.5600000000000023
16 22 1.4500000000000028
18 22 1.5999999999999943
20 22 2.1799999999999926
22 22 1.5900000000000034
24 22 1.019999999999996
26 22 1.0
28 22 1.230000000000004
30 22 3.259999999999991
32 22 2.719999999999999
34 22 1.3400000000000034
36 22 4.75
38 22 4.269999999999996
40 22 6.039999999999992
42 22 5.349999999999994
44 22 7.079999999999998
46 22 4.209999999999994
48 22 4.349999999999994
50 22 1.8499999999999943
52 22 3.789999999999992
54 22 3.549999999999997
56 22 3.469999999999999
58 22 1.7199999999999989
0 24 1.5699999999999932
2 24 2.489999999999995
4 24 1.1799999999999926
6 24 2.509999999999991
8 24 1.8799999999999955
10 24 1.6099999999999994
12 24 2.280000000000001
14 24 5.429999999999993
16 24 7.429999999999993
18 24 8.230000000000004
20 24 7.340000000000003
22 24 6.489999999999995
24 24 4.3799999999999955
26 24 3.5900000000000034
28 24 2.519999999999996
30 24 0.6599999999999966
32 24 1.2099999999999937
34 24 0.3100000000000023
36 24 -0.12999999999999545
38 24 0.7000000000000028
40 24 2.819999999999993
42 24 2.3700000000000045
44 24 1.4099999999999966
46 24 1.7099999999999937
48 24 1.269999999999996
50 24 1.9399999999999977
52 24 1.4099999999999966
54 24 -0.269999999999996
56 24 1.4699999999999989
58 24 -0.29999999999999716
0 26 1.9500000000000028
2 26 1.3799999999999955
4 26 2.019999999999996
6 26 2.1799999999999926
8 26 0.3499999999999943
10 26 1.8700000000000045
12 26 1.6400000000000006
14 26 1.269999999999996
16 26 2.519999999999996
18 26 0.6400000000000006
20 26 1.3499999999999943
22 26 -0.15000000000000568
24 26 0.9099999999999966
26 26 0.7999999999999972
28 26 -0.5
30 26 -1.740000000000009
32 26 3.0600000000000023
34 26 4.859999999999999
36 26 4.909999999999997
38 26 8.219999999999999
40 26 12.099999999999994
42 26 12.919999999999995
44 26 10.030000000000001
46 26 5.670000000000002
48 26 2.9200000000000017
50 26 1.769999999999996
52 26 1.009999999999991
54 26 3.719999999999999
56 26 1.009999999999991
58 26 0.28000000000000114
0 28 -0.769999999999996
2 28 -0.6700000000000017
4 28 -0.8599999999999994
6 28 1.5799999999999983
8 28 1.019999999999996
10 28 5.090000000000003
12 28 4.530000000000001
14 28 7.3799999999999955
16 28 10.649999999999991
18 28 12.549999999999997
20 28 12.96
22 28 14.299999999999997
24 28 8.679999999999993
26 28 4.989999999999995
28 28 0.9699999999999989
30 28 -3.1400000000000006
32 28 -2.4200000000000017
34 28 -1.9500000000000028
36 28 -0.5
38 28 1.2099999999999937
40 28 2.1899999999999977
42 28 0.9299999999999926
44 28 2.469999999999999
46 28 2.230000000000004
48 28 2.1700000000000017
50 28 -0.39000000000000057
52 28 0.539999999999992
54 28 -0.3400000000000034
56 28 0.6499999999999915
58 28 1.3599999999999994
0 30 2.1799999999999926
2 30 1.1099999999999994
4 30 1.3999999999999915
6 30 1.1299999999999955
8 30 2.6700000000000017
10 30 1.8100000000000023
12 30 0.030000000000001137
14 30 1.5300000000000011
16 30 2.039999999999992
18 30 2.739999999999995
20 30 3.2099999999999937
22 30 1.5600000000000023
24 30 -0.20000000000000284
26 30 -1.7000000000000028
28 30 -3.6200000000000045
30 30 -5.230000000000004
32 30 -1.9000000000000057
34 30 4.789999999999992
36 30 8.030000000000001
38 30 14.189999999999998
40 30 16.72
42 30 16.169999999999995
44 30 14.96
46 30 10.579999999999998
48 30 6.6299999999999955
50 30 8.269999999999996
52 30 2.9099999999999966
54 30 -1.1899999999999977
56 30 -2.510000000000005
58 30 -0.15000000000000568
0 32 -1.480000000000004
2 32 -0.4300000000000068
4 32 -2.260000000000005
6 32 -2.5600000000000023
8 32 4.310000000000002
10 32 8.64
12 32 8.939999999999998
14 32 12.54
16 32 15.25
18 32 17.32
20 32 19.059999999999995
22 32 15.369999999999997
24 32 9.209999999999994
26 32 3.3700000000000045
28 32 -2.4000000000000057
30 32 -5.579999999999998
32 32 -3.480000000000004
34 32 -0.480000000000004
36 32 2.25
38 32 3.549999999999997
40 32 4.409999999999997
42 32 2.6299999999999955
44 32 2.3599999999999994
46 32 1.5499999999999972
48 32 1.7800000000000011
50 32 0.4399999999999977
52 32 -0.3200000000000074
54 32 1.6899999999999977
56 32 1.4599999999999937
58 32 0.7999999999999972
0 34 1.0999999999999943
2 34 1.730000000000004
4 34 -0.07000000000000739
6 34 1.9399999999999977
8 34 1.019999999999996
10 34 2.239999999999995
12 34 0.37000000000000455
14 34 0.8100000000000023
16 34 1.9899999999999949
18 34 2.769999999999996
20 34 3.8299999999999983
22 34 4.030000000000001
24 34 2.980000000000004
26 34 0.5099999999999909
28 34 -1.2900000000000063
30 34 -2.519999999999996
32 34 -1.0400000000000063
34 34 3.6299999999999955
36 34 10.019999999999996
38 34 15.549999999999997
40 34 18.93
42 34 17.009999999999998
44 34 13.469999999999999
46 34 12.379999999999995
48 34 8.509999999999991
50 34 6.200000000000003
52 34 3.9599999999999937
54 34 -1.960000000000008
56 34 -1.0700000000000074
58 34 0.37000000000000455
0 36 0.39000000000000057
2 36 -0.3500000000000085
4 36 -1.0499999999999972
6 36 0.1799999999999926
8 36 1.789999999999992
10 36 4.959999999999994
12 36 6.929999999999993
14 36 9.700000000000003
16 36 14.29
18 36 14.0
20 36 17.36
22 36 12.949999999999996
24 36 8.409999999999997
26 36 4.079999999999998
28 36 -1.230000000000004
30 36 -2.719999999999999
32 36 -2.0900000000000034
34 36 -0.7000000000000028
36 36 2.0
38 36 0.9299999999999926
40 36 2.4099999999999966
42 36 2.6700000000000017
44 36 1.8100000000000023
46 36 2.0
48 36 2.009999999999991
50 36 0.9699999999999989
52 36 0.6400000000000006
54 36 2.200000000000003
56 36 1.4899999999999949
58 36 1.7399999999999949
0 38 1.9200000000000017
2 38 1.4200000000000017
4 38 1.3999999999999915
6 38 1.7800000000000011
8 38 1.25
10 38 2.039999999999992
12 38 2.0999999999999943
14 38 2.0600000000000023
16 38 3.039999999999992
18 38 2.799999999999997
20 38 1.230000000000004
22 38 0.5600000000000023
24 38 0.8499999999999943
26 38 -1.460000000000008
28 38 -1.0
30 38 -1.6899999999999977
32 38 0.45000000000000284
34 38 4.3700000000000045
36 38 10.319999999999993
38 38 14.419999999999995
40 38 13.979999999999997
42 38 13.5
44 38 12.619999999999997
46 38 7.799999999999997
48 38 6.170000000000002
50 38 2.299999999999997
52 38 1.8499999999999943
54 38 0.14999999999999147
56 38 1.1799999999999926
58 38 0.5600000000000023
0 40 2.5799999999999983
2 40 3.030000000000001
4 40 1.4200000000000017
6 40 2.8799999999999955
8 40 2.480000000000004
10 40 3.8100000000000023
12 40 5.039999999999992
14 40 7.730000000000004
16 40 8.709999999999994
18 40 8.75
20 40 8.920000000000002
22 40 9.780000000000001
24 40 10.149999999999991
26 40 4.700000000000003
28 40 2.5799999999999983
30 40 1.7000000000000028
32 40 1.289999999999992
34 40 1.230000000000004
36 40 1.2199999999999989
38 40 1.1099999999999994
40 40 0.75
42 40 2.8700000000000045
44 40 2.319999999999993
46 40 1.7199999999999989
48 40 0.9399999999999977
50 40 1.789999999999992
52 40 1.1700000000000017
54 40 1.0499999999999972
56 40 1.8700000000000045
58 40 2.0999999999999943
0 42 1.259999999999991
2 42 2.239999999999995
4 42 1.8100000000000023
6 42 1.7800000000000011
8 42 0.8100000000000023
10 42 1.8999999999999915
12 42 0.8100000000000023
14 42 1.4299999999999926
16 42 1.230000000000004
18 42 3.6799999999999926
20 42 4.079999999999998
22 42 1.5799999999999983
24 42 1.4099999999999966
26 42 1.230000000000004
28 42 0.4399999999999977
30 42 3.549999999999997
32 42 3.5
34 42 7.789999999999992
36 42 6.909999999999997
38 42 7.390000000000001
40 42 7.859999999999999
42 42 7.679999999999993
44 42 8.700000000000003
46 42 8.530000000000001
48 42 7.349999999999994
50 42 3.980000000000004
52 42 1.980000000000004
54 42 4.590000000000003
56 42 2.980000000000004
58 42 0.6899999999999977
0 44 4.069999999999993
2 44 3.3799999999999955
4 44 3.3100000000000023
6 44 4.590000000000003
8 44 5.189999999999998
10 44 4.799999999999997
12 44 4.259999999999991
14 44 6.75
16 44 7.039999999999992
18 44 8.509999999999991
20 44 5.579999999999998
22 44 6.179999999999993
24 44 4.799999999999997
26 44 5.739999999999995
28 44 3.509999999999991
30 44 4.019999999999996
32 44 5.170000000000002
34 44 3.3100000000000023
36 44 2.280000000000001
38 44 3.0900000000000034
40 44 2.569999999999993
42 44 1.9299999999999926
44 44 2.3100000000000023
46 44 1.1099999999999994
48 44 2.039999999999992
50 44 1.259999999999991
52 44 1.8499999999999943
54 44 2.0600000000000023
56 44 2.0999999999999943
58 44 1.0600000000000023
0 46 1.9899999999999949
2 46 2.4099999999999966
4 46 2.5900000000000034
6 46 1.0600000000000023
8 46 2.3599999999999994
10 46 2.259999999999991
12 46 0.4299999999999926
14 46 1.6099999999999994
16 46 0.5499999999999972
18 46 1.2000000000000028
20 46 2.989999999999995
22 46 3.3799999999999955
24 46 2.1700000000000017
26 46 3.3499999999999943
28 46 3.8700000000000045
30 46 5.269999999999996
32 46 4.819999999999993
34 46 3.530000000000001
36 46 5.799999999999997
38 46 4.980000000000004
40 46 5.939999999999998
42 46 5.090000000000003
44 46 6.539999999999992
46 46 5.829999999999998
48 46 3.8999999999999915
50 46 3.6899999999999977
52 46 3.8400000000000034
54 46 5.359999999999999
56 46 3.4399999999999977
58 46 4.069999999999993
0 48 3.3400000000000034
2 48 3.269999999999996
4 48 5.039999999999992
6 48 3.3700000000000045
8 48 4.390000000000001
10 48 3.200000000000003
12 48 3.1099999999999994
14 48 5.179999999999993
16 48 5.280000000000001
18 48 6.239999999999995
20 48 6.340000000000003
22 48 5.239999999999995
24 48 3.1700000000000017
26 48 3.1099999999999994
28 48 4.319999999999993
30 48 5.719999999999999
32 48 4.200000000000003
34 48 3.5
36 48 2.6799999999999926
38 48 2.4399999999999977
40 48 2.0
42 48 2.0999999999999943
44 48 1.6799999999999926
46 48 3.4299999999999926
48 48 1.230000000000004
50 48 2.799999999999997
52 48 2.5999999999999943
54 48 2.5999999999999943
56 48 2.1400000000000006
58 48 4.060000000000002
0 50 4.099999999999994
2 50 3.5900000000000034
4 50 0.769999999999996
6 50 1.8199999999999932
8 50 2.1799999999999926
10 50 2.219999999999999
12 50 2.569999999999993
14 50 0.3199999999999932
16 50 1.9399999999999977
18 50 3.299999999999997
20 50 2.3999999999999915
22 50 3.3499999999999943
24 50 2.3599999999999994
26 50 1.6200000000000045
28 50 3.4200000000000017
30 50 3.5799999999999983
32 50 2.530000000000001
34 50 2.8100000000000023
36 50 1.6200000000000045
38 50 1.6099999999999994
40 50 4.920000000000002
42 50 4.25
44 50 4.359999999999999
46 50 4.049999999999997
48 50 2.0900000000000034
50 50 4.659999999999997
52 50 4.340000000000003
54 50 3.950000000000003
56 50 2.8999999999999915
58 50 2.319999999999993
0 52 2.799999999999997
2 52 1.6400000000000006
4 52 2.039999999999992
6 52 2.3900000000000006
8 52 1.9200000000000017
10 52 2.25
12 52 2.3100000000000023
14 52 2.3499999999999943
16 52 1.4200000000000017
18 52 2.9399999999999977
20 52 2.280000000000001
22 52 2.259999999999991
24 52 3.219999999999999
26 52 2.6700000000000017
28 52 0.3499999999999943
30 52 2.9200000000000017
32 52 1.759999999999991
34 52 2.549999999999997
36 52 1.1700000000000017
38 52 1.7800000000000011
40 52 -0.18000000000000682
42 52 3.019999999999996
44 52 0.6400000000000006
46 52 3.0799999999999983
48 52 1.4399999999999977
50 52 2.1499999999999915
52 52 3.049999999999997
54 52 2.780000000000001
56 52 2.0900000000000034
58 52 0.3100000000000023
0 54 1.7099999999999937
2 54 2.8799999999999955
4 54 1.3299999999999983
6 54 1.509999999999991
8 54 3.1400000000000006
10 54 4.340000000000003
12 54 1.3999999999999915
14 54 0.8799999999999955
16 54 2.6299999999999955
18 54 1.1700000000000017
20 54 1.0300000000000011
22 54 1.4500000000000028
24 54 1.4500000000000028
26 54 2.3599999999999994
28 54 3.980000000000004
30 54 2.289999999999992
32 54 3.0999999999999943
34 54 1.1299999999999955
36 54 0.03999999999999204
38 54 -0.7000000000000028
40 54 -3.3799999999999955
42 54 -3.3200000000000074
44 54 -1.8400000000000034
46 54 -1.8700000000000045
48 54 0.23000000000000398
50 54 1.5499999999999972
52 54 1.3900000000000006
54 54 3.6599999999999966
56 54 3.200000000000003
58 54 2.069999999999993
0 56 2.6700000000000017
2 56 2.6200000000000045
4 56 3.8599999999999994
6 56 3.0799999999999983
8 56 2.4299999999999926
10 56 0.5699999999999932
12 56 1.25
14 56 0.1599999999999966
16 56 -0.7999999999999972
18 56 -3.519999999999996
20 56 -2.6899999999999977
22 56 -0.7000000000000028
24 56 -0.5300000000000011
26 56 0.7199999999999989
28 56 1.0499999999999972
30 56 3.219999999999999
32 56 4.189999999999998
34 56 3.1400000000000006
36 56 1.9200000000000017
38 56 4.1499999999999915
40 56 2.259999999999991
42 56 2.8499999999999943
44 56 0.5799999999999983
46 56 3.069999999999993
48 56 0.8299999999999983
50 56 2.6299999999999955
52 56 0.9299999999999926
54 56 1.480000000000004
56 56 0.7599999999999909
58 56 3.0799999999999983
0 58 1.9599999999999937
2 58 2.230000000000004
4 58 2.8299999999999983
6 58 1.1799999999999926
8 58 2.549999999999997
10 58 0.5999999999999943
12 58 2.0900000000000034
14 58 3.6299999999999955
16 58 2.3700000000000045
18 58 1.5799999999999983
20 58 2.3999999999999915
22 58 0.6200000000000045
24 58 2.480000000000004
26 58 1.8299999999999983
28 58 4.959999999999994
30 58 3.3100000000000023
32 58 2.730000000000004
34 58 -0.6800000000000068
36 58 -0.8299999999999983
38 58 -1.6800000000000068
40 58 -1.4500000000000028
42 58 -0.8500000000000085
44 58 -0.9300000000000068
46 58 -0.6099999999999994
48 58 2.480000000000004
50 58 1.8700000000000045
52 58 2.280000000000001
54 58 4.140000000000001
56 58 2.5
58 58 2.980000000000004
