0 0 -0.5799999999999983
2 0 -1.0100000000000051
4 0 0.23000000000000398
6 0 0.18000000000000682
8 0 0.3499999999999943
10 0 -1.0699999999999932
12 0 -1.5799999999999983
14 0 -0.6099999999999994
16 0 -0.8100000000000023
18 0 -0.75
20 0 -0.769999999999996
22 0 -1.4500000000000028
24 0 -0.9399999999999977
26 0 -0.46999999999999886
28 0 -0.9899999999999949
30 0 0.12999999999999545
32 0 -1.3799999999999955
34 0 -0.37000000000000455
36 0 -0.20999999999999375
38 0 -0.45000000000000284
40 0 -0.8199999999999932
42 0 -0.9899999999999949
44 0 -1.2600000000000051
46 0 -0.5
48 0 1.0600000000000023
50 0 0.5699999999999932
52 0 1.1700000000000017
54 0 2.230000000000004
56 0 1.980000000000004
58 0 0.480000000000004
0 2 -0.29999999999999716
2 2 0.39000000000000057
4 2 -0.15000000000000568
6 2 0.28000000000000114
8 2 1.4599999999999937
10 2 0.01999999999999602
12 2 1.0100000000000051
14 2 -0.6599999999999966
16 2 -1.6099999999999994
18 2 -1.2999999999999972
20 2 -0.5499999999999972
22 2 -0.5300000000000011
24 2 -1.5400000000000063
26 2 -0.5799999999999983
28 2 -0.4300000000000068
30 2 -0.480000000000004
32 2 -0.7099999999999937
34 2 -0.6400000000000006
36 2 0.6099999999999994
38 2 -1.480000000000004
40 2 -0.8700000000000045
42 2 -0.9399999999999977
44 2 -0.04999999999999716
46 2 -0.9599999999999937
48 2 -0.9599999999999937
50 2 -1.0
52 2 -1.1800000000000068
54 2 0.060000000000002274
56 2 -1.2000000000000028
58 2 -0.8599999999999994
0 4 0.060000000000002274
2 4 -0.3199999999999932
4 4 0.6200000000000045
6 4 -0.4899999999999949
8 4 -0.23999999999999488
10 4 -0.6899999999999977
12 4 -2.4599999999999937
14 4 -0.8400000000000034
16 4 -0.8900000000000006
18 4 -0.21999999999999886
20 4 -1.0300000000000011
22 4 0.18000000000000682
24 4 -0.21999999999999886
26 4 -1.2199999999999989
28 4 -1.3900000000000006
30 4 -1.9500000000000028
32 4 -0.25
34 4 -1.8100000000000023
36 4 -0.35999999999999943
38 4 -0.6400000000000006
40 4 -2.1400000000000006
42 4 -0.8799999999999955
44 4 -2.9099999999999966
46 4 0.01999999999999602
48 4 0.5600000000000023
50 4 0.6299999999999955
52 4 0.9200000000000017
54 4 0.4300000000000068
56 4 1.8400000000000034
58 4 0.9099999999999966
0 6 -0.6099999999999994
2 6 1.1700000000000017
4 6 0.980000000000004
6 6 1.2399999999999949
8 6 1.3799999999999955
10 6 1.1099999999999994
12 6 0.2600000000000051
14 6 0.09999999999999432
16 6 -0.37999999999999545
18 6 -1.1299999999999955
20 6 -1.3599999999999994
22 6 -1.0300000000000011
24 6 -0.6599999999999966
26 6 -0.5
28 6 -0.730000000000004
30 6 -1.6899999999999977
32 6 -1.5999999999999943
34 6 -1.0
36 6 -0.3499999999999943
38 6 -0.39000000000000057
40 6 -0.14000000000000057
42 6 -0.0799999999999983
44 6 -0.7199999999999989
46 6 -1.0600000000000023
48 6 -1.1500000000000057
50 6 -0.8199999999999932
52 6 -0.46999999999999886
54 6 0.37000000000000455
56 6 0.29999999999999716
58 6 0.4200000000000017
0 8 -0.04999999999999716
2 8 0.8799999999999955
4 8 0.5300000000000011
6 8 -0.3299999999999983
8 8 -0.09000000000000341
10 8 -1.2199999999999989
12 8 -0.20000000000000284
14 8 -1.269999999999996
16 8 0.060000000000002274
18 8 -0.7800000000000011
20 8 0.480000000000004
22 8 0.1700000000000017
24 8 -0.9099999999999966
26 8 -1.2999999999999972
28 8 -0.6700000000000017
30 8 -0.4399999999999977
32 8 -1.1899999999999977
34 8 -0.7600000000000051
36 8 -0.3499999999999943
38 8 -1.9099999999999966
40 8 -0.980000000000004
42 8 -0.6800000000000068
44 8 0.18000000000000682
46 8 0.0799999999999983
48 8 -0.20000000000000284
50 8 0.7900000000000063
52 8 -0.04000000000000625
54 8 0.4200000000000017
56 8 -0.4099999999999966
58 8 0.730000000000004
0 10 0.980000000000004
2 10 0.2600000000000051
4 10 0.7999999999999972
6 10 0.14000000000000057
8 10 0.730000000000004
10 10 1.2900000000000063
12 10 -0.2600000000000051
14 10 0.1700000000000017
16 10 -1.1700000000000017
18 10 -1.730000000000004
20 10 -0.269999999999996
22 10 -0.8499999999999943
24 10 -0.6599999999999966
26 10 -0.75
28 10 0.18999999999999773
30 10 -0.3299999999999983
32 10 -0.5499999999999972
34 10 -0.20999999999999375
36 10 0.39000000000000057
38 10 -0.769999999999996
40 10 -0.09999999999999432
42 10 -0.3199999999999932
44 10 0.6800000000000068
46 10 -0.6400000000000006
48 10 -0.7800000000000011
50 10 -0.5699999999999932
52 10 0.519999999999996
54 10 0.5600000000000023
56 10 -0.29000000000000625
58 10 0.25
0 12 0.20000000000000284
2 12 -0.25
4 12 0.04000000000000625
6 12 0.23000000000000398
8 12 0.480000000000004
10 12 -1.0300000000000011
12 12 -0.7600000000000051
14 12 -1.5799999999999983
16 12 0.04000000000000625
18 12 1.4599999999999937
20 12 0.730000000000004
22 12 -0.25
24 12 -1.0499999999999972
26 12 -0.3499999999999943
28 12 -0.769999999999996
30 12 -0.9399999999999977
32 12 -1.2600000000000051
34 12 -0.3100000000000023
36 12 -0.8700000000000045
38 12 -0.5400000000000063
40 12 -0.7800000000000011
42 12 0.0799999999999983
44 12 -0.3499999999999943
46 12 -0.18999999999999773
48 12 -0.45000000000000284
50 12 0.7399999999999949
52 12 1.5799999999999983
54 12 0.7199999999999989
56 12 0.5100000000000051
58 12 0.8799999999999955
0 14 0.9599999999999937
2 14 1.3700000000000045
4 14 0.6500000000000057
6 14 0.6599999999999966
8 14 0.45999999999999375
10 14 0.0
12 14 0.3499999999999943
14 14 0.28000000000000114
16 14 -0.3299999999999983
18 14 -0.29999999999999716
20 14 -1.5400000000000063
22 14 -0.5999999999999943
24 14 0.23000000000000398
26 14 -0.4399999999999977
28 14 -0.12999999999999545
30 14 0.04999999999999716
32 14 -0.5400000000000063
34 14 0.4200000000000017
36 14 -1.3299999999999983
38 14 -0.7399999999999949
40 14 0.3400000000000034
42 14 -0.18000000000000682
44 14 -0.730000000000004
46 14 -0.45999999999999375
48 14 -1.1099999999999994
50 14 -1.6200000000000045
52 14 -0.5699999999999932
54 14 0.6200000000000045
56 14 0.6700000000000017
58 14 -0.6700000000000017
0 16 -0.37999999999999545
2 16 0.030000000000001137
4 16 -0.21999999999999886
6 16 -0.25
8 16 -0.46999999999999886
10 16 -0.5699999999999932
12 16 -0.7000000000000028
14 16 -0.3299999999999983
16 16 0.519999999999996
18 16 0.4399999999999977
20 16 0.4300000000000068
22 16 -0.9899999999999949
24 16 -0.7800000000000011
26 16 0.25
28 16 -1.4500000000000028
30 16 -0.7900000000000063
32 16 0.010000000000005116
34 16 -0.06999999999999318
36 16 0.8799999999999955
38 16 0.29000000000000625
40 16 0.4399999999999977
42 16 -0.4099999999999966
44 16 0.12000000000000455
46 16 -0.39000000000000057
48 16 -0.060000000000002274
50 16 1.5900000000000034
52 16 1.0600000000000023
54 16 0.4300000000000068
56 16 2.6099999999999994
58 16 1.2000000000000028
0 18 0.4899999999999949
2 18 0.5
4 18 0.8499999999999943
6 18 1.1200000000000045
8 18 1.019999999999996
10 18 2.1299999999999955
12 18 1.5900000000000034
14 18 0.18999999999999773
16 18 0.030000000000001137
18 18 -1.5699999999999932
20 18 -0.5
22 18 0.39000000000000057
24 18 0.18999999999999773
26 18 -0.37000000000000455
28 18 0.1700000000000017
30 18 -0.7000000000000028
32 18 -1.0300000000000011
34 18 -0.4000000000000057
36 18 -0.5499999999999972
38 18 -0.3400000000000034
40 18 0.7099999999999937
42 18 -0.6299999999999955
44 18 0.1599999999999966
46 18 -0.269999999999996
48 18 -0.769999999999996
50 18 0.15000000000000568
52 18 -1.0999999999999943
54 18 0.12999999999999545
56 18 0.5799999999999983
58 18 0.3299999999999983
0 20 -0.4300000000000068
2 20 -0.4899999999999949
4 20 -0.4300000000000068
6 20 0.04000000000000625
8 20 -0.8400000000000034
10 20 -0.4300000000000068
12 20 -0.9899999999999949
14 20 -0.6500000000000057
16 20 -0.28000000000000114
18 20 0.45999999999999375
20 20 0.18999999999999773
22 20 -0.20000000000000284
24 20 -0.5799999999999983
26 20 -1.2800000000000011
28 20 -0.5499999999999972
30 20 -0.9599999999999937
32 20 -0.7600000000000051
34 20 -0.5799999999999983
36 20 0.269999999999996
38 20 0.20999999999999375
40 20 -1.2800000000000011
42 20 -0.3299999999999983
44 20 -1.25
46 20 0.14000000000000057
48 20 -0.29000000000000625
50 20 0.8400000000000034
52 20 0.12999999999999545
54 20 0.7000000000000028
56 20 1.6500000000000057
58 20 1.4599999999999937
0 22 0.030000000000001137
2 22 1.6400000000000006
4 22 1.769999999999996
6 22 0.8900000000000006
8 22 0.6400000000000006
10 22 1.7000000000000028
12 22 1.1800000000000068
14 22 0.35999999999999943
16 22 -0.5999999999999943
18 22 -0.7900000000000063
20 22 -0.0799999999999983
22 22 -0.46999999999999886
24 22 -0.8499999999999943
26 22 0.2600000000000051
28 22 0.09000000000000341
30 22 -0.010000000000005116
32 22 0.7999999999999972
34 22 -1.3100000000000023
36 22 -0.4099999999999966
38 22 -0.7999999999999972
40 22 -0.6099999999999994
42 22 0.2600000000000051
44 22 -0.5499999999999972
46 22 -1.0
48 22 -0.5600000000000023
50 22 -0.39000000000000057
52 22 0.060000000000002274
54 22 0.4200000000000017
56 22 0.12999999999999545
58 22 1.0900000000000034
0 24 -1.0
2 24 0.3199999999999932
4 24 0.18000000000000682
6 24 -0.20999999999999375
8 24 0.23000000000000398
10 24 -0.3199999999999932
12 24 -0.29000000000000625
14 24 0.0
16 24 -0.010000000000005116
18 24 0.4300000000000068
20 24 -0.3400000000000034
22 24 0.9200000000000017
24 24 -0.4000000000000057
26 24 0.37999999999999545
28 24 -0.9899999999999949
30 24 -0.769999999999996
32 24 -1.6400000000000006
34 24 0.060000000000002274
36 24 -0.09999999999999432
38 24 0.6599999999999966
40 24 0.269999999999996
42 24 0.04999999999999716
44 24 -0.5699999999999932
46 24 0.010000000000005116
48 24 0.7099999999999937
50 24 1.4399999999999977
52 24 0.5699999999999932
54 24 1.6599999999999966
56 24 0.4099999999999966
58 24 0.9200000000000017
0 26 1.0300000000000011
2 26 0.6099999999999994
4 26 -0.46999999999999886
6 26 1.1599999999999966
8 26 1.769999999999996
10 26 1.4599999999999937
12 26 -0.3499999999999943
14 26 -0.20999999999999375
16 26 -0.6200000000000045
18 26 -0.45999999999999375
20 26 -0.7000000000000028
22 26 -0.9500000000000028
24 26 -0.29000000000000625
26 26 -0.0799999999999983
28 26 -0.6899999999999977
30 26 -0.5699999999999932
32 26 -1.6200000000000045
34 26 -1.0499999999999972
36 26 -0.21999999999999886
38 26 -1.730000000000004
40 26 0.6299999999999955
42 26 -0.010000000000005116
44 26 0.6099999999999994
46 26 0.01999999999999602
48 26 0.09999999999999432
50 26 0.5300000000000011
52 26 0.4399999999999977
54 26 -0.37000000000000455
56 26 -0.4899999999999949
58 26 0.0799999999999983
0 28 0.04999999999999716
2 28 -0.15000000000000568
4 28 0.6400000000000006
6 28 -0.25
8 28 -0.20000000000000284
10 28 -0.5499999999999972
12 28 -1.1599999999999966
14 28 0.04999999999999716
16 28 0.3199999999999932
18 28 0.09000000000000341
20 28 0.29999999999999716
22 28 -1.1800000000000068
24 28 0.0
26 28 -1.1200000000000045
28 28 -1.25
30 28 -0.06999999999999318
32 28 -0.5799999999999983
34 28 0.04000000000000625
36 28 -0.7199999999999989
38 28 0.1700000000000017
40 28 -0.2600000000000051
42 28 -0.5499999999999972
44 28 0.1700000000000017
46 28 0.5
48 28 0.7600000000000051
50 28 1.0799999999999983
52 28 1.3900000000000006
54 28 1.0600000000000023
56 28 0.7099999999999937
58 28 0.8499999999999943
0 30 0.5999999999999943
2 30 0.09000000000000341
4 30 0.4099999999999966
6 30 1.6299999999999955
8 30 1.8799999999999955
10 30 1.230000000000004
12 30 0.4099999999999966
14 30 -0.5799999999999983
16 30 -0.5300000000000011
18 30 -0.14000000000000057
20 30 -0.6700000000000017
22 30 0.010000000000005116
24 30 -0.12999999999999545
26 30 -0.060000000000002274
28 30 0.4099999999999966
30 30 -0.09999999999999432
32 30 0.4399999999999977
34 30 -0.6899999999999977
36 30 -0.9399999999999977
38 30 -0.3400000000000034
40 30 0.6599999999999966
42 30 -0.2600000000000051
44 30 0.5499999999999972
46 30 0.5
48 30 -0.8400000000000034
50 30 -0.9099999999999966
52 30 0.0799999999999983
54 30 0.23999999999999488
56 30 -0.5699999999999932
58 30 -1.0499999999999972
0 32 0.5400000000000063
2 32 0.060000000000002274
4 32 -0.3100000000000023
6 32 -0.9200000000000017
8 32 -0.15000000000000568
10 32 0.5900000000000034
12 32 -0.6200000000000045
14 32 -0.4099999999999966
16 32 0.5
18 32 1.4500000000000028
20 32 -0.4200000000000017
22 32 -0.7999999999999972
24 32 -0.5300000000000011
26 32 -0.5799999999999983
28 32 -1.8499999999999943
30 32 -1.7399999999999949
32 32 -0.7999999999999972
34 32 -0.20000000000000284
36 32 0.15000000000000568
38 32 -0.09000000000000341
40 32 -0.37000000000000455
42 32 -1.6899999999999977
44 32 0.2600000000000051
46 32 0.21999999999999886
48 32 1.1400000000000006
50 32 1.5699999999999932
52 32 1.4599999999999937
54 32 1.0999999999999943
56 32 0.1599999999999966
58 32 0.9500000000000028
0 34 -0.5100000000000051
2 34 -0.37000000000000455
4 34 0.6400000000000006
6 34 1.3599999999999994
8 34 1.4599999999999937
10 34 1.9399999999999977
12 34 1.0699999999999932
14 34 -0.8499999999999943
16 34 -0.4399999999999977
18 34 -0.1700000000000017
20 34 -0.28000000000000114
22 34 -0.37999999999999545
24 34 -0.8100000000000023
26 34 0.5
28 34 -0.35999999999999943
30 34 -0.4300000000000068
32 34 -0.6800000000000068
34 34 -1.3799999999999955
36 34 -0.8499999999999943
38 34 -0.4099999999999966
40 34 0.4200000000000017
42 34 0.9899999999999949
44 34 0.4099999999999966
46 34 -0.01999999999999602
48 34 -1.1899999999999977
50 34 0.01999999999999602
52 34 -0.1599999999999966
54 34 1.3700000000000045
56 34 1.2900000000000063
58 34 0.269999999999996
0 36 0.23000000000000398
2 36 0.45000000000000284
4 36 -0.06999999999999318
6 36 0.35999999999999943
8 36 0.12000000000000455
10 36 -0.39000000000000057
12 36 -0.35999999999999943
14 36 0.5999999999999943
16 36 1.0799999999999983
18 36 0.3199999999999932
20 36 0.980000000000004
22 36 -0.23000000000000398
24 36 0.04999999999999716
26 36 -1.0699999999999932
28 36 -0.5699999999999932
30 36 0.20999999999999375
32 36 -0.6899999999999977
34 36 -0.6200000000000045
36 36 -0.29000000000000625
38 36 0.1700000000000017
40 36 -0.18000000000000682
42 36 -0.8900000000000006
44 36 -0.0799999999999983
46 36 0.2600000000000051
48 36 1.2600000000000051
50 36 1.0699999999999932
52 36 1.4500000000000028
54 36 -0.3499999999999943
56 36 0.9699999999999989
58 36 0.29999999999999716
0 38 1.4099999999999966
2 38 0.4300000000000068
4 38 0.9300000000000068
6 38 0.730000000000004
8 38 1.5300000000000011
10 38 0.6500000000000057
12 38 1.3400000000000034
14 38 0.04999999999999716
16 38 -0.12999999999999545
18 38 -0.25
20 38 0.04000000000000625
22 38 0.09000000000000341
24 38 0.06999999999999318
26 38 0.29000000000000625
28 38 0.4200000000000017
30 38 -0.45000000000000284
32 38 -0.21999999999999886
34 38 -0.5900000000000034
36 38 0.3400000000000034
38 38 0.1599999999999966
40 38 0.8799999999999955
42 38 0.980000000000004
44 38 -0.010000000000005116
46 38 -0.060000000000002274
48 38 -1.1800000000000068
50 38 -0.20999999999999375
52 38 0.12000000000000455
54 38 0.269999999999996
56 38 0.1599999999999966
58 38 0.18999999999999773
0 40 0.8400000000000034
2 40 0.0
4 40 0.3400000000000034
6 40 0.9300000000000068
8 40 0.7900000000000063
10 40 -0.09999999999999432
12 40 -0.5600000000000023
14 40 -0.3499999999999943
16 40 0.1700000000000017
18 40 1.2600000000000051
20 40 0.4899999999999949
22 40 -0.4000000000000057
24 40 -0.12999999999999545
26 40 -0.39000000000000057
28 40 0.7000000000000028
30 40 -0.5400000000000063
32 40 -0.060000000000002274
34 40 0.7199999999999989
36 40 0.010000000000005116
38 40 0.5400000000000063
40 40 -0.8799999999999955
42 40 -0.480000000000004
44 40 -0.10999999999999943
46 40 0.4300000000000068
48 40 1.9599999999999937
50 40 1.8900000000000006
52 40 0.7600000000000051
54 40 0.6599999999999966
56 40 0.9699999999999989
58 40 1.7199999999999989
0 42 1.5699999999999932
2 42 0.3499999999999943
4 42 1.0900000000000034
6 42 0.4399999999999977
8 42 1.0600000000000023
10 42 1.730000000000004
12 42 1.5600000000000023
14 42 0.4899999999999949
16 42 1.4599999999999937
18 42 -0.23999999999999488
20 42 -0.6400000000000006
22 42 0.010000000000005116
24 42 0.4899999999999949
26 42 0.5100000000000051
28 42 0.12000000000000455
30 42 -0.269999999999996
32 42 0.35999999999999943
34 42 0.45999999999999375
36 42 0.20000000000000284
38 42 0.4399999999999977
40 42 0.6500000000000057
42 42 0.9300000000000068
44 42 0.37000000000000455
46 42 0.5600000000000023
48 42 0.10999999999999943
50 42 0.3299999999999983
52 42 0.0
54 42 0.23999999999999488
56 42 0.04000000000000625
58 42 0.4200000000000017
0 44 0.23999999999999488
2 44 1.6400000000000006
4 44 1.25
6 44 0.060000000000002274
8 44 0.09999999999999432
10 44 0.28000000000000114
12 44 -0.0799999999999983
14 44 0.1599999999999966
16 44 0.0
18 44 0.3400000000000034
20 44 0.060000000000002274
22 44 0.5999999999999943
24 44 0.030000000000001137
26 44 -0.15000000000000568
28 44 -0.06999999999999318
30 44 0.7600000000000051
32 44 0.28000000000000114
34 44 0.5900000000000034
36 44 -1.1700000000000017
38 44 0.3100000000000023
40 44 -0.6299999999999955
42 44 -0.6899999999999977
44 44 -0.3400000000000034
46 44 0.9500000000000028
48 44 1.3100000000000023
50 44 2.4200000000000017
52 44 0.9000000000000057
54 44 1.3700000000000045
56 44 0.8499999999999943
58 44 0.5699999999999932
0 46 2.1299999999999955
2 46 1.269999999999996
4 46 1.5100000000000051
6 46 0.5300000000000011
8 46 1.519999999999996
10 46 2.489999999999995
12 46 1.7600000000000051
14 46 1.3900000000000006
16 46 1.1099999999999994
18 46 -0.010000000000005116
20 46 -0.04000000000000625
22 46 0.5799999999999983
24 46 1.3199999999999932
26 46 1.0100000000000051
28 46 0.4300000000000068
30 46 -0.6400000000000006
32 46 0.28000000000000114
34 46 -1.2000000000000028
36 46 -0.2600000000000051
38 46 1.25
40 46 1.1500000000000057
42 46 1.2800000000000011
44 46 0.23000000000000398
46 46 1.2099999999999937
48 46 0.6500000000000057
50 46 0.1599999999999966
52 46 0.9599999999999937
54 46 2.0400000000000063
56 46 1.4399999999999977
58 46 1.1700000000000017
0 48 0.9300000000000068
2 48 1.2600000000000051
4 48 1.8400000000000034
6 48 1.3299999999999983
8 48 0.730000000000004
10 48 0.10999999999999943
12 48 0.8100000000000023
14 48 -0.030000000000001137
16 48 1.8100000000000023
18 48 0.5900000000000034
20 48 1.0400000000000063
22 48 -0.7199999999999989
24 48 -0.5900000000000034
26 48 -0.20000000000000284
28 48 0.7900000000000063
30 48 -0.010000000000005116
32 48 -0.04000000000000625
34 48 0.2600000000000051
36 48 0.20999999999999375
38 48 1.6899999999999977
40 48 0.3100000000000023
42 48 0.8199999999999932
44 48 1.3499999999999943
46 48 0.45000000000000284
48 48 1.5100000000000051
50 48 2.1599999999999966
52 48 1.9200000000000017
54 48 2.019999999999996
56 48 1.9500000000000028
58 48 1.7099999999999937
0 50 1.4300000000000068
2 50 1.5
4 50 2.6500000000000057
6 50 1.7900000000000063
8 50 1.7800000000000011
10 50 1.6400000000000006
12 50 1.4099999999999966
14 50 1.769999999999996
16 50 1.1200000000000045
18 50 0.35999999999999943
20 50 0.0
22 50 0.25
24 50 0.46999999999999886
26 50 0.4899999999999949
28 50 -0.5400000000000063
30 50 -0.39000000000000057
32 50 -0.18000000000000682
34 50 -0.39000000000000057
36 50 -0.6899999999999977
38 50 -0.06999999999999318
40 50 1.6099999999999994
42 50 0.3199999999999932
44 50 1.9599999999999937
46 50 1.2999999999999972
48 50 1.0699999999999932
50 50 -0.39000000000000057
52 50 0.5999999999999943
54 50 0.8499999999999943
56 50 0.4200000000000017
58 50 1.0799999999999983
0 52 0.04999999999999716
2 52 0.7900000000000063
4 52 2.480000000000004
6 52 1.2999999999999972
8 52 1.0100000000000051
10 52 0.39000000000000057
12 52 -0.12999999999999545
14 52 0.8799999999999955
16 52 1.5400000000000063
18 52 0.4200000000000017
20 52 1.0600000000000023
22 52 0.7000000000000028
24 52 1.769999999999996
26 52 0.15000000000000568
28 52 -0.030000000000001137
30 52 0.25
32 52 0.9099999999999966
34 52 1.2000000000000028
36 52 1.0799999999999983
38 52 1.1400000000000006
40 52 0.480000000000004
42 52 0.730000000000004
44 52 0.980000000000004
46 52 1.0999999999999943
48 52 1.6099999999999994
50 52 1.9300000000000068
52 52 2.5900000000000034
54 52 1.7800000000000011
56 52 1.2099999999999937
58 52 2.230000000000004
0 54 1.7099999999999937
2 54 1.7099999999999937
4 54 1.5300000000000011
6 54 2.4200000000000017
8 54 1.6800000000000068
10 54 2.5600000000000023
12 54 2.0900000000000034
14 54 0.8700000000000045
16 54 0.12999999999999545
18 54 1.6200000000000045
20 54 1.1599999999999966
22 54 0.45999999999999375
24 54 0.769999999999996
26 54 0.5699999999999932
28 54 1.0499999999999972
30 54 -0.04000000000000625
32 54 0.9399999999999977
34 54 0.6899999999999977
36 54 0.730000000000004
38 54 0.980000000000004
40 54 1.4000000000000057
42 54 0.5699999999999932
44 54 2.239999999999995
46 54 0.6500000000000057
48 54 -0.04999999999999716
50 54 1.0100000000000051
52 54 -0.060000000000002274
54 54 1.2999999999999972
56 54 1.8400000000000034
58 54 0.9099999999999966
0 56 1.1700000000000017
2 56 0.5400000000000063
4 56 1.6400000000000006
6 56 2.25
8 56 0.7099999999999937
10 56 1.8900000000000006
12 56 1.0400000000000063
14 56 1.4300000000000068
16 56 1.6700000000000017
18 56 1.8599999999999994
20 56 0.4000000000000057
22 56 0.9200000000000017
24 56 0.9399999999999977
26 56 0.0
28 56 0.7399999999999949
30 56 0.18000000000000682
32 56 0.519999999999996
34 56 0.46999999999999886
36 56 0.4099999999999966
38 56 1.1800000000000068
40 56 1.5
42 56 1.1500000000000057
44 56 1.0999999999999943
46 56 1.2999999999999972
48 56 2.0799999999999983
50 56 2.2099999999999937
52 56 2.0900000000000034
54 56 2.180000000000007
56 56 1.3400000000000034
58 56 1.769999999999996
0 58 1.2999999999999972
2 58 2.1500000000000057
4 58 2.4599999999999937
6 58 1.7399999999999949
8 58 1.7099999999999937
10 58 2.319999999999993
12 58 1.480000000000004
14 58 2.069999999999993
16 58 1.4399999999999977
18 58 1.3599999999999994
20 58 0.6800000000000068
22 58 2.4200000000000017
24 58 0.9899999999999949
26 58 0.7099999999999937
28 58 2.3499999999999943
30 58 0.23000000000000398
32 58 -0.269999999999996
34 58 0.09000000000000341
36 58 0.5699999999999932
38 58 1.4300000000000068
40 58 1.3900000000000006
42 58 1.2900000000000063
44 58 1.3100000000000023
46 58 1.9000000000000057
48 58 1.8599999999999994
50 58 0.8599999999999994
52 58 2.3799999999999955
54 58 1.230000000000004
56 58 0.9399999999999977
58 58 2.1500000000000057
