0 0 0.11999999999999034
2 0 1.4699999999999989
4 0 2.0
6 0 1.4499999999999886
8 0 1.9899999999999949
10 0 2.6899999999999977
12 0 0.3199999999999932
14 0 2.8100000000000023
16 0 2.1299999999999955
18 0 2.019999999999996
20 0 1.6099999999999994
22 0 0.7299999999999898
24 0 0.75
26 0 0.04999999999999716
28 0 1.0999999999999943
30 0 2.1400000000000006
32 0 1.0899999999999892
34 0 0.3399999999999892
36 0 1.6799999999999926
38 0 2.6599999999999966
40 0 2.489999999999995
42 0 2.3999999999999915
44 0 1.8900000000000006
46 0 1.7199999999999989
48 0 0.1799999999999926
50 0 0.5499999999999972
52 0 0.6400000000000006
54 0 0.3199999999999932
56 0 1.8999999999999915
58 0 2.4499999999999886
0 2 0.8799999999999955
2 2 1.2299999999999898
4 2 0.9099999999999966
6 2 0.7599999999999909
8 2 0.5799999999999983
10 2 1.6799999999999926
12 2 1.0300000000000011
14 2 1.2299999999999898
16 2 1.5999999999999943
18 2 0.9899999999999949
20 2 2.009999999999991
22 2 -0.710000000000008
24 2 -0.10999999999999943
26 2 0.4099999999999966
28 2 2.089999999999989
30 2 0.5099999999999909
32 2 0.8299999999999983
34 2 1.8999999999999915
36 2 -0.20000000000000284
38 2 0.9299999999999926
40 2 1.4799999999999898
42 2 1.7800000000000011
44 2 -0.04000000000000625
46 2 0.18999999999999773
48 2 -0.3100000000000023
50 2 0.3100000000000023
52 2 1.0
54 2 2.259999999999991
56 2 1.4200000000000017
58 2 1.6899999999999977
0 4 2.019999999999996
2 4 2.469999999999999
4 4 2.0999999999999943
6 4 0.37999999999999545
8 4 1.4899999999999949
10 4 0.6999999999999886
12 4 -1.240000000000009
14 4 -0.18999999999999773
16 4 0.8999999999999915
18 4 1.3100000000000023
20 4 -0.030000000000001137
22 4 -0.6700000000000017
24 4 0.28000000000000114
26 4 0.4099999999999966
28 4 -0.030000000000001137
30 4 1.8199999999999932
32 4 1.4799999999999898
34 4 0.5300000000000011
36 4 1.3299999999999983
38 4 0.4899999999999949
40 4 0.2599999999999909
42 4 1.259999999999991
44 4 1.4399999999999977
46 4 1.5499999999999972
48 4 0.12999999999999545
50 4 0.5899999999999892
52 4 2.4099999999999966
54 4 0.46999999999999886
56 4 0.519999999999996
58 4 1.0600000000000023
0 6 1.1400000000000006
2 6 3.039999999999992
4 6 0.75
6 6 0.8100000000000023
8 6 0.5300000000000011
10 6 1.8399999999999892
12 6 1.4799999999999898
14 6 2.789999999999992
16 6 2.089999999999989
18 6 1.1799999999999926
20 6 3.2299999999999898
22 6 1.6799999999999926
24 6 -0.05000000000001137
26 6 1.9399999999999977
28 6 2.069999999999993
30 6 0.8999999999999915
32 6 -0.21999999999999886
34 6 -0.30000000000001137
36 6 -1.9399999999999977
38 6 -1.4000000000000057
40 6 -3.1200000000000045
42 6 -3.3200000000000074
44 6 -1.1600000000000108
46 6 -2.710000000000008
48 6 -2.780000000000001
50 6 -2.010000000000005
52 6 -0.07000000000000739
54 6 0.3999999999999915
56 6 3.6899999999999977
58 6 0.519999999999996
0 8 0.1700000000000017
2 8 1.7199999999999989
4 8 3.569999999999993
6 8 0.5999999999999943
8 8 0.4099999999999966
10 8 -1.1500000000000057
12 8 -2.6500000000000057
14 8 -3.1700000000000017
16 8 -4.490000000000009
18 8 -4.320000000000007
20 8 -4.810000000000002
22 8 -3.3100000000000023
24 8 -1.730000000000004
26 8 0.4899999999999949
28 8 -0.07000000000000739
30 8 0.8900000000000006
32 8 0.6499999999999915
34 8 0.269999999999996
36 8 1.8599999999999994
38 8 1.3799999999999955
40 8 2.3599999999999994
42 8 0.769999999999996
44 8 0.4399999999999977
46 8 0.3199999999999932
48 8 1.5300000000000011
50 8 0.7099999999999937
52 8 0.789999999999992
54 8 1.0
56 8 1.0999999999999943
58 8 1.0
0 10 0.3499999999999943
2 10 1.3199999999999932
4 10 2.8599999999999994
6 10 1.4399999999999977
8 10 0.19999999999998863
10 10 1.519999999999996
12 10 1.2099999999999937
14 10 1.0
16 10 2.549999999999997
18 10 -0.4900000000000091
20 10 2.0
22 10 -0.5
24 10 1.9200000000000017
26 10 0.4399999999999977
28 10 1.8599999999999994
30 10 3.299999999999997
32 10 0.75
34 10 0.22999999999998977
36 10 -3.210000000000008
38 10 -3.5600000000000023
40 10 -6.390000000000001
42 10 -6.070000000000007
44 10 -4.290000000000006
46 10 -3.25
48 10 -2.8800000000000097
50 10 -0.2600000000000051
52 10 1.0600000000000023
54 10 2.030000000000001
56 10 2.299999999999997
58 10 4.349999999999994
0 12 0.7599999999999909
2 12 3.0600000000000023
4 12 0.4299999999999926
6 12 2.1299999999999955
8 12 3.3599999999999994
10 12 1.7999999999999972
12 12 -0.4000000000000057
14 12 -1.2199999999999989
16 12 -3.3400000000000034
18 12 -4.180000000000007
20 12 -3.0400000000000063
22 12 -2.3900000000000006
24 12 -1.5799999999999983
26 12 -0.04000000000000625
28 12 2.319999999999993
30 12 1.8100000000000023
32 12 3.0600000000000023
34 12 0.7800000000000011
36 12 -0.8000000000000114
38 12 0.6799999999999926
40 12 1.6199999999999903
42 12 1.1099999999999994
44 12 0.8599999999999994
46 12 0.0
48 12 2.0
50 12 0.7999999999999972
52 12 2.3499999999999943
54 12 1.0499999999999972
56 12 1.9499999999999886
58 12 1.8199999999999932
0 14 1.1899999999999977
2 14 1.9099999999999966
4 14 1.0
6 14 1.1999999999999886
8 14 1.3699999999999903
10 14 1.519999999999996
12 14 0.3499999999999943
14 14 1.6499999999999915
16 14 0.12999999999999545
18 14 1.0300000000000011
20 14 0.4200000000000017
22 14 1.4499999999999886
24 14 0.5
26 14 0.29999999999999716
28 14 3.0600000000000023
30 14 2.5
32 14 1.5999999999999943
34 14 1.3100000000000023
36 14 0.3299999999999983
38 14 0.0899999999999892
40 14 1.6299999999999955
42 14 1.9899999999999949
44 14 1.789999999999992
46 14 2.6199999999999903
48 14 5.219999999999999
50 14 2.1099999999999994
52 14 3.289999999999992
54 14 2.7299999999999898
56 14 2.549999999999997
58 14 2.3499999999999943
0 16 1.2199999999999989
2 16 1.4299999999999926
4 16 4.390000000000001
6 16 3.5
8 16 2.8599999999999994
10 16 3.4499999999999886
12 16 4.969999999999999
14 16 5.920000000000002
16 16 5.179999999999993
18 16 4.22999999999999
20 16 3.799999999999997
22 16 3.5600000000000023
24 16 1.2099999999999937
26 16 2.6799999999999926
28 16 0.9599999999999937
30 16 4.209999999999994
32 16 1.6199999999999903
34 16 1.009999999999991
36 16 1.4099999999999966
38 16 2.049999999999997
40 16 1.519999999999996
42 16 1.4099999999999966
44 16 -0.4399999999999977
46 16 -0.04000000000000625
48 16 2.1199999999999903
50 16 1.3100000000000023
52 16 2.0999999999999943
54 16 1.9299999999999926
56 16 1.1799999999999926
58 16 2.3799999999999955
0 18 1.7999999999999972
2 18 1.1199999999999903
4 18 1.9599999999999937
6 18 1.5
8 18 0.8499999999999943
10 18 0.5300000000000011
12 18 1.9599999999999937
14 18 2.3299999999999983
16 18 1.2999999999999972
18 18 2.3100000000000023
20 18 1.1700000000000017
22 18 1.8399999999999892
24 18 2.9399999999999977
26 18 3.280000000000001
28 18 3.3699999999999903
30 18 4.199999999999989
32 18 1.8100000000000023
34 18 1.039999999999992
36 18 1.9099999999999966
38 18 1.8199999999999932
40 18 5.449999999999989
42 18 5.3799999999999955
44 18 3.8799999999999955
46 18 3.3699999999999903
48 18 4.579999999999998
50 18 3.3499999999999943
52 18 3.8599999999999994
54 18 3.509999999999991
56 18 4.86999999999999
58 18 1.789999999999992
0 20 4.039999999999992
2 20 2.319999999999993
4 20 2.2099999999999937
6 20 3.3100000000000023
8 20 3.339999999999989
10 20 4.799999999999997
12 20 5.269999999999996
14 20 3.9799999999999898
16 20 3.3900000000000006
18 20 3.2299999999999898
20 20 6.1299999999999955
22 20 3.5600000000000023
24 20 2.3900000000000006
26 20 0.9699999999999989
28 20 3.3599999999999994
30 20 3.5799999999999983
32 20 4.179999999999993
34 20 2.0799999999999983
36 20 3.1099999999999994
38 20 1.6700000000000017
40 20 2.0
42 20 1.1899999999999977
44 20 0.5300000000000011
46 20 0.25
48 20 1.7800000000000011
50 20 2.339999999999989
52 20 1.269999999999996
54 20 1.039999999999992
56 20 1.7999999999999972
58 20 1.269999999999996
0 22 0.8100000000000023
2 22 0.6899999999999977
4 22 1.4799999999999898
6 22 1.5999999999999943
8 22 1.9499999999999886
10 22 0.9499999999999886
12 22 1.8399999999999892
14 22 0.8399999999999892
16 22 0.47999999999998977
18 22 1.1599999999999966
20 22 3.049999999999997
22 22 2.7099999999999937
24 22 3.299999999999997
26 22 1.4299999999999926
28 22 1.6299999999999955
30 22 2.759999999999991
32 22 3.719999999999999
34 22 2.039999999999992
36 22 3.4599999999999937
38 22 5.569999999999993
40 22 5.890000000000001
42 22 4.039999999999992
44 22 4.839999999999989
46 22 6.25
48 22 4.030000000000001
50 22 2.219999999999999
52 22 2.069999999999993
54 22 4.530000000000001
56 22 4.859999999999999
58 22 2.1599999999999966
0 24 1.8399999999999892
2 24 1.0499999999999972
4 24 3.4200000000000017
6 24 1.7299999999999898
8 24 0.7399999999999949
10 24 1.6299999999999955
12 24 2.819999999999993
14 24 3.6199999999999903
16 24 6.209999999999994
18 24 7.22999999999999
20 24 8.879999999999995
22 24 8.25
24 24 3.3599999999999994
26 24 3.569999999999993
28 24 3.2299999999999898
30 24 1.7199999999999989
32 24 0.6199999999999903
34 24 0.3999999999999915
36 24 0.28999999999999204
38 24 1.8999999999999915
40 24 1.6400000000000006
42 24 2.0999999999999943
44 24 1.4599999999999937
46 24 0.8599999999999994
48 24 1.75
50 24 1.9399999999999977
52 24 1.0499999999999972
54 24 0.9599999999999937
56 24 1.009999999999991
58 24 0.6099999999999994
0 26 1.6700000000000017
2 26 3.219999999999999
4 26 0.5300000000000011
6 26 2.1700000000000017
8 26 2.519999999999996
10 26 1.3499999999999943
12 26 0.5899999999999892
14 26 2.509999999999991
16 26 1.6999999999999886
18 26 2.8699999999999903
20 26 0.5499999999999972
22 26 -0.05000000000001137
24 26 -1.4100000000000108
26 26 -0.5600000000000023
28 26 -2.3400000000000034
30 26 -0.4000000000000057
32 26 3.0999999999999943
34 26 3.8900000000000006
36 26 4.86999999999999
38 26 7.949999999999989
40 26 8.599999999999994
42 26 8.649999999999991
44 26 7.439999999999998
46 26 7.289999999999992
48 26 2.8699999999999903
50 26 2.4799999999999898
52 26 1.8299999999999983
54 26 1.8399999999999892
56 26 0.8199999999999932
58 26 1.5600000000000023
0 28 -1.8200000000000074
2 28 -0.3299999999999983
4 28 -0.020000000000010232
6 28 2.7099999999999937
8 28 0.03999999999999204
10 28 3.799999999999997
12 28 3.0799999999999983
14 28 7.060000000000002
16 28 10.569999999999993
18 28 13.669999999999995
20 28 14.709999999999994
22 28 13.019999999999996
24 28 8.64
26 28 5.61999999999999
28 28 -0.2600000000000051
30 28 -2.719999999999999
32 28 -2.5500000000000114
34 28 -1.3299999999999983
36 28 -0.5400000000000063
38 28 1.3999999999999915
40 28 2.839999999999989
42 28 3.239999999999995
44 28 3.019999999999996
46 28 1.289999999999992
48 28 2.259999999999991
50 28 1.8299999999999983
52 28 1.6199999999999903
54 28 1.6299999999999955
56 28 2.1999999999999886
58 28 1.7800000000000011
0 30 1.5799999999999983
2 30 2.0
4 30 1.289999999999992
6 30 0.5300000000000011
8 30 0.9899999999999949
10 30 2.0600000000000023
12 30 2.269999999999996
14 30 1.8699999999999903
16 30 2.280000000000001
18 30 2.75
20 30 3.009999999999991
22 30 1.019999999999996
24 30 -0.12000000000000455
26 30 -2.1099999999999994
28 30 -4.450000000000003
30 30 -4.480000000000004
32 30 -0.9500000000000028
34 30 5.009999999999991
36 30 8.879999999999995
38 30 14.789999999999992
40 30 15.499999999999993
42 30 15.839999999999996
44 30 15.279999999999994
46 30 10.989999999999995
48 30 6.420000000000002
50 30 6.429999999999993
52 30 3.569999999999993
54 30 1.4899999999999949
56 30 -1.3800000000000097
58 30 -1.5900000000000034
0 32 0.8599999999999994
2 32 -3.200000000000003
4 32 -2.2900000000000063
6 32 -1.6200000000000045
8 32 3.549999999999997
10 32 9.36999999999999
12 32 9.399999999999991
14 32 12.469999999999999
16 32 15.499999999999993
18 32 16.749999999999993
20 32 18.699999999999996
22 32 14.499999999999993
24 32 10.89
26 32 4.269999999999996
28 32 -1.210000000000008
30 32 -5.280000000000001
32 32 -3.8299999999999983
34 32 -1.0500000000000114
36 32 1.6299999999999955
38 32 2.1099999999999994
40 32 3.219999999999999
42 32 2.1499999999999915
44 32 2.4099999999999966
46 32 1.7999999999999972
48 32 2.299999999999997
50 32 1.8999999999999915
52 32 1.259999999999991
54 32 2.280000000000001
56 32 1.1700000000000017
58 32 2.799999999999997
0 34 1.4699999999999989
2 34 0.6999999999999886
4 34 0.9799999999999898
6 34 2.5799999999999983
8 34 1.5600000000000023
10 34 1.4699999999999989
12 34 0.22999999999998977
14 34 2.6599999999999966
16 34 2.530000000000001
18 34 2.589999999999989
20 34 2.509999999999991
22 34 4.089999999999989
24 34 3.1999999999999886
26 34 2.049999999999997
28 34 -2.240000000000009
30 34 -2.1899999999999977
32 34 -1.5
34 34 3.2099999999999937
36 34 9.530000000000001
38 34 15.669999999999995
40 34 17.189999999999998
42 34 15.749999999999993
44 34 15.789999999999992
46 34 11.810000000000002
48 34 8.709999999999994
50 34 8.759999999999991
52 34 2.4200000000000017
54 34 -2.8599999999999994
56 34 -3.230000000000004
58 34 0.09999999999999432
0 36 0.8100000000000023
2 36 1.2299999999999898
4 36 -0.0799999999999983
6 36 -0.5400000000000063
8 36 2.1599999999999966
10 36 6.299999999999997
12 36 6.689999999999998
14 36 12.149999999999999
16 36 15.459999999999994
18 36 15.189999999999998
20 36 16.659999999999997
22 36 11.239999999999995
24 36 10.670000000000002
26 36 6.089999999999989
28 36 -1.5400000000000063
30 36 -2.6700000000000017
32 36 -2.4399999999999977
34 36 -1.0
36 36 1.3599999999999994
38 36 3.0999999999999943
40 36 1.8699999999999903
42 36 3.6799999999999926
44 36 2.089999999999989
46 36 2.6599999999999966
48 36 1.1799999999999926
50 36 2.089999999999989
52 36 1.25
54 36 0.8799999999999955
56 36 0.9200000000000017
58 36 1.3299999999999983
0 38 3.069999999999993
2 38 1.6799999999999926
4 38 0.9599999999999937
6 38 2.269999999999996
8 38 1.0
10 38 1.1299999999999955
12 38 2.589999999999989
14 38 1.6700000000000017
16 38 1.3399999999999892
18 38 3.530000000000001
20 38 2.9200000000000017
22 38 1.3599999999999994
24 38 1.4299999999999926
26 38 -0.9399999999999977
28 38 -0.6400000000000006
30 38 -1.6300000000000097
32 38 2.0799999999999983
34 38 3.549999999999997
36 38 9.929999999999993
38 38 12.639999999999993
40 38 15.369999999999997
42 38 13.279999999999994
44 38 11.97999999999999
46 38 10.239999999999995
48 38 6.799999999999997
50 38 3.6299999999999955
52 38 1.039999999999992
54 38 0.769999999999996
56 38 -0.1700000000000017
58 38 0.12999999999999545
0 40 2.049999999999997
2 40 2.1899999999999977
4 40 1.6099999999999994
6 40 2.1400000000000006
8 40 2.989999999999995
10 40 4.539999999999992
12 40 5.449999999999989
14 40 6.0
16 40 9.019999999999996
18 40 9.530000000000001
20 40 8.969999999999999
22 40 9.58999999999999
24 40 10.789999999999992
26 40 6.140000000000001
28 40 2.319999999999993
30 40 1.1599999999999966
32 40 -0.4900000000000091
34 40 0.6499999999999915
36 40 2.319999999999993
38 40 2.4599999999999937
40 40 2.5
42 40 2.530000000000001
44 40 1.9799999999999898
46 40 0.8599999999999994
48 40 2.0600000000000023
50 40 1.5999999999999943
52 40 1.1599999999999966
54 40 0.4899999999999949
56 40 3.469999999999999
58 40 2.9200000000000017
0 42 0.789999999999992
2 42 1.5
4 42 3.6499999999999915
6 42 1.7999999999999972
8 42 1.9200000000000017
10 42 1.7800000000000011
12 42 2.019999999999996
14 42 1.009999999999991
16 42 2.6899999999999977
18 42 1.5
20 42 2.25
22 42 2.4200000000000017
24 42 2.289999999999992
26 42 2.089999999999989
28 42 2.089999999999989
30 42 2.8999999999999915
32 42 4.670000000000002
34 42 6.719999999999999
36 42 6.609999999999999
38 42 6.140000000000001
40 42 7.780000000000001
42 42 6.969999999999999
44 42 7.709999999999994
46 42 9.179999999999993
48 42 5.799999999999997
50 42 3.5600000000000023
52 42 2.9799999999999898
54 42 3.9299999999999926
56 42 2.7099999999999937
58 42 3.3100000000000023
0 44 2.969999999999999
2 44 4.719999999999999
4 44 3.530000000000001
6 44 4.3799999999999955
8 44 4.209999999999994
10 44 4.799999999999997
12 44 6.519999999999996
14 44 9.469999999999999
16 44 13.459999999999994
18 44 7.719999999999999
20 44 6.670000000000002
22 44 5.349999999999994
24 44 5.769999999999996
26 44 6.189999999999998
28 44 4.3799999999999955
30 44 4.030000000000001
32 44 2.5600000000000023
34 44 2.5999999999999943
36 44 3.25
38 44 2.530000000000001
40 44 1.7099999999999937
42 44 2.009999999999991
44 44 1.5799999999999983
46 44 2.0600000000000023
48 44 1.7099999999999937
50 44 2.519999999999996
52 44 2.4499999999999886
54 44 1.0799999999999983
56 44 1.8599999999999994
58 44 2.269999999999996
0 46 2.280000000000001
2 46 2.6400000000000006
4 46 2.3100000000000023
6 46 2.280000000000001
8 46 2.1400000000000006
10 46 2.789999999999992
12 46 0.37999999999999545
14 46 3.339999999999989
16 46 2.9200000000000017
18 46 2.839999999999989
20 46 0.12999999999999545
22 46 2.259999999999991
24 46 3.0600000000000023
26 46 5.209999999999994
28 46 5.429999999999993
30 46 6.219999999999999
32 46 3.7099999999999937
34 46 4.0
36 46 6.6499999999999915
38 46 4.539999999999992
40 46 4.47999999999999
42 46 5.920000000000002
44 46 6.280000000000001
46 46 6.959999999999994
48 46 5.049999999999997
50 46 4.269999999999996
52 46 4.439999999999998
54 46 3.8499999999999943
56 46 4.329999999999998
58 46 2.6199999999999903
0 48 3.2099999999999937
2 48 2.3799999999999955
4 48 4.569999999999993
6 48 4.640000000000001
8 48 4.420000000000002
10 48 3.6999999999999886
12 48 2.0600000000000023
14 48 6.449999999999989
16 48 5.569999999999993
18 48 7.839999999999989
20 48 6.3799999999999955
22 48 5.959999999999994
24 48 3.8100000000000023
26 48 4.0
28 48 4.22999999999999
30 48 5.199999999999989
32 48 4.199999999999989
34 48 2.3999999999999915
36 48 1.8900000000000006
38 48 3.089999999999989
40 48 1.8399999999999892
42 48 2.8599999999999994
44 48 2.4399999999999977
46 48 1.9699999999999989
48 48 2.1700000000000017
50 48 2.7099999999999937
52 48 1.509999999999991
54 48 1.7999999999999972
56 48 1.25
58 48 2.8699999999999903
0 50 3.2099999999999937
2 50 2.989999999999995
4 50 2.8299999999999983
6 50 2.759999999999991
8 50 1.6899999999999977
10 50 1.8799999999999955
12 50 2.030000000000001
14 50 2.719999999999999
16 50 2.6299999999999955
18 50 1.2299999999999898
20 50 0.8799999999999955
22 50 3.3799999999999955
24 50 3.9099999999999966
26 50 3.839999999999989
28 50 4.689999999999998
30 50 3.6400000000000006
32 50 2.8499999999999943
34 50 2.969999999999999
36 50 3.3900000000000006
38 50 4.36999999999999
40 50 5.319999999999993
42 50 5.089999999999989
44 50 5.1499999999999915
46 50 5.429999999999993
48 50 2.6599999999999966
50 50 1.3299999999999983
52 50 3.6499999999999915
54 50 3.1199999999999903
56 50 3.969999999999999
58 50 2.3100000000000023
0 52 1.7099999999999937
2 52 1.9499999999999886
4 52 3.769999999999996
6 52 3.8299999999999983
8 52 3.8999999999999915
10 52 2.6799999999999926
12 52 3.9099999999999966
14 52 3.1199999999999903
16 52 2.019999999999996
18 52 3.9599999999999937
20 52 2.4799999999999898
22 52 1.8499999999999943
24 52 1.5699999999999932
26 52 1.789999999999992
28 52 1.259999999999991
30 52 3.2099999999999937
32 52 5.0
34 52 2.049999999999997
36 52 1.7399999999999949
38 52 1.7399999999999949
40 52 2.3699999999999903
42 52 2.6199999999999903
44 52 3.5600000000000023
46 52 3.1899999999999977
48 52 1.9299999999999926
50 52 0.9799999999999898
52 52 2.0
54 52 2.4499999999999886
56 52 3.3100000000000023
58 52 2.7099999999999937
0 54 2.239999999999995
2 54 1.6899999999999977
4 54 2.8299999999999983
6 54 3.009999999999991
8 54 2.069999999999993
10 54 2.3499999999999943
12 54 1.8399999999999892
14 54 2.1499999999999915
16 54 2.8499999999999943
18 54 1.9699999999999989
20 54 1.2399999999999949
22 54 2.4799999999999898
24 54 0.9899999999999949
26 54 2.549999999999997
28 54 3.3100000000000023
30 54 2.7299999999999898
32 54 2.069999999999993
34 54 3.5799999999999983
36 54 0.6599999999999966
38 54 -0.8599999999999994
40 54 -3.3800000000000097
42 54 -0.35999999999999943
44 54 -2.469999999999999
46 54 0.4899999999999949
48 54 1.9599999999999937
50 54 1.769999999999996
52 54 3.989999999999995
54 54 5.349999999999994
56 54 4.539999999999992
58 54 2.719999999999999
0 56 2.539999999999992
2 56 1.6099999999999994
4 56 4.140000000000001
6 56 3.4499999999999886
8 56 3.1799999999999926
10 56 2.0999999999999943
12 56 1.3699999999999903
14 56 2.049999999999997
16 56 -1.1099999999999994
18 56 -2.490000000000009
20 56 -2.9000000000000057
22 56 -2.0700000000000074
24 56 -1.6899999999999977
26 56 0.19999999999998863
28 56 2.4799999999999898
30 56 2.839999999999989
32 56 3.5799999999999983
34 56 3.030000000000001
36 56 2.4499999999999886
38 56 1.8699999999999903
40 56 2.969999999999999
42 56 3.239999999999995
44 56 2.0
46 56 1.2199999999999989
48 56 1.6199999999999903
50 56 4.0
52 56 3.299999999999997
54 56 3.1400000000000006
56 56 3.1599999999999966
58 56 1.9399999999999977
0 58 2.9499999999999886
2 58 3.1299999999999955
4 58 3.6599999999999966
6 58 2.019999999999996
8 58 2.3299999999999983
10 58 1.8699999999999903
12 58 2.799999999999997
14 58 2.8599999999999994
16 58 1.1099999999999994
18 58 0.9899999999999949
20 58 2.3100000000000023
22 58 1.0499999999999972
24 58 2.5999999999999943
26 58 3.4200000000000017
28 58 3.6199999999999903
30 58 3.8799999999999955
32 58 1.6700000000000017
34 58 0.4299999999999926
36 58 -0.960000000000008
38 58 -0.6300000000000097
40 58 -1.9399999999999977
42 58 0.5999999999999943
44 58 -0.6500000000000057
46 58 0.6199999999999903
48 58 3.7299999999999898
50 58 3.269999999999996
52 58 2.8900000000000006
54 58 4.310000000000002
56 58 5.429999999999993
58 58 4.539999999999992
