0 0 0.1700000000000017
0.5 0 0.519999999999996
1.0 0 0.519999999999996
1.5 0 0.1700000000000017
2.0 0 0.9599999999999937
2.5 0 -0.3200000000000074
3.0 0 0.789999999999992
3.5 0 0.7599999999999909
4.0 0 -0.35999999999999943
4.5 0 1.6099999999999994
5.0 0 0.25
5.5 0 -0.15000000000000568
6.0 0 1.5999999999999943
6.5 0 -1.6300000000000097
7.0 0 0.8999999999999915
7.5 0 0.5999999999999943
8.0 0 0.9499999999999886
8.5 0 0.1799999999999926
9.0 0 0.0899999999999892
9.5 0 0.4299999999999926
10.0 0 1.5899999999999892
10.5 0 -0.21000000000000796
11.0 0 0.8100000000000023
11.5 0 -0.8500000000000085
12.0 0 1.509999999999991
12.5 0 0.36999999999999034
13.0 0 0.23999999999999488
13.5 0 0.5999999999999943
14.0 0 1.8799999999999955
14.5 0 -0.5900000000000034
15.0 0 0.06999999999999318
15.5 0 0.269999999999996
16.0 0 -0.1600000000000108
16.5 0 0.25
17.0 0 1.1499999999999915
17.5 0 0.9799999999999898
18.0 0 0.22999999999998977
18.5 0 0.0
19.0 0 0.6700000000000017
19.5 0 -0.6200000000000045
20.0 0 0.5499999999999972
20.5 0 0.9899999999999949
21.0 0 0.6499999999999915
21.5 0 -0.2600000000000051
22.0 0 1.3799999999999955
22.5 0 0.9799999999999898
23.0 0 0.11999999999999034
23.5 0 0.6099999999999994
24.0 0 -0.3400000000000034
24.5 0 0.11999999999999034
25.0 0 -0.21999999999999886
25.5 0 0.6700000000000017
26.0 0 0.030000000000001137
26.5 0 -0.20000000000000284
27.0 0 0.519999999999996
27.5 0 -0.6800000000000068
28.0 0 0.4299999999999926
28.5 0 -1.5900000000000034
29.0 0 0.06999999999999318
29.5 0 0.9899999999999949
30.0 0 0.47999999999998977
30.5 0 -0.45000000000000284
31.0 0 0.7199999999999989
31.5 0 -0.07000000000000739
32.0 0 -1.2600000000000051
32.5 0 0.4099999999999966
33.0 0 -1.1200000000000045
33.5 0 1.0300000000000011
34.0 0 0.45999999999999375
34.5 0 -0.9000000000000057
35.0 0 1.269999999999996
35.5 0 0.9099999999999966
36.0 0 0.45999999999999375
36.5 0 0.6499999999999915
37.0 0 -0.710000000000008
37.5 0 1.6299999999999955
38.0 0 0.0899999999999892
38.5 0 3.6199999999999903
39.0 0 1.039999999999992
39.5 0 0.789999999999992
40.0 0 -1.0300000000000011
40.5 0 0.8999999999999915
41.0 0 1.0999999999999943
41.5 0 1.4499999999999886
42.0 0 -0.730000000000004
42.5 0 0.4099999999999966
43.0 0 -0.14000000000000057
43.5 0 0.539999999999992
44.0 0 0.14999999999999147
44.5 0 0.4200000000000017
45.0 0 -0.10999999999999943
45.5 0 1.269999999999996
46.0 0 0.14000000000000057
46.5 0 0.3499999999999943
47.0 0 0.5999999999999943
47.5 0 -0.3500000000000085
48.0 0 -0.710000000000008
48.5 0 1.4200000000000017
49.0 0 -0.5500000000000114
49.5 0 0.36999999999999034
50.0 0 -0.5500000000000114
50.5 0 -0.8599999999999994
51.0 0 1.0300000000000011
51.5 0 0.3999999999999915
52.0 0 0.9799999999999898
52.5 0 -0.10000000000000853
53.0 0 1.1599999999999966
53.5 0 0.4099999999999966
54.0 0 -0.7800000000000011
54.5 0 1.1999999999999886
55.0 0 0.5300000000000011
55.5 0 0.269999999999996
56.0 0 1.4200000000000017
56.5 0 0.3199999999999932
57.0 0 -0.3200000000000074
57.5 0 -0.14000000000000057
58.0 0 -0.9399999999999977
58.5 0 0.0
59.0 0 0.5899999999999892
59.5 0 1.759999999999991
0 0.5 0.25
0.5 0.5 1.009999999999991
1.0 0.5 -0.1600000000000108
1.5 0.5 0.29999999999999716
2.0 0.5 0.14000000000000057
2.5 0.5 1.5699999999999932
3.0 0.5 1.6700000000000017
3.5 0.5 1.0799999999999983
4.0 0.5 1.0899999999999892
4.5 0.5 0.9200000000000017
5.0 0.5 -0.14000000000000057
5.5 0.5 0.09999999999999432
6.0 0.5 1.0
6.5 0.5 0.39000000000000057
7.0 0.5 1.3399999999999892
7.5 0.5 -0.05000000000001137
8.0 0.5 -0.14000000000000057
8.5 0.5 0.519999999999996
9.0 0.5 0.9599999999999937
9.5 0.5 1.4799999999999898
10.0 0.5 0.04999999999999716
10.5 0.5 1.2299999999999898
11.0 0.5 0.10999999999999943
11.5 0.5 0.7199999999999989
12.0 0.5 0.8699999999999903
12.5 0.5 0.9899999999999949
13.0 0.5 0.4399999999999977
13.5 0.5 -0.12000000000000455
14.0 0.5 -0.480000000000004
14.5 0.5 0.14000000000000057
15.0 0.5 2.3499999999999943
15.5 0.5 1.3699999999999903
16.0 0.5 0.539999999999992
16.5 0.5 -2.1099999999999994
17.0 0.5 -1.0900000000000034
17.5 0.5 0.25
18.0 0.5 0.8100000000000023
18.5 0.5 1.1700000000000017
19.0 0.5 -1.5900000000000034
19.5 0.5 -1.0900000000000034
20.0 0.5 -0.730000000000004
20.5 0.5 -0.7400000000000091
21.0 0.5 0.9499999999999886
21.5 0.5 1.1899999999999977
22.0 0.5 -0.46000000000000796
22.5 0.5 0.06999999999999318
23.0 0.5 0.030000000000001137
23.5 0.5 0.9200000000000017
24.0 0.5 0.6199999999999903
24.5 0.5 1.0300000000000011
25.0 0.5 0.7999999999999972
25.5 0.5 -0.1700000000000017
26.0 0.5 -0.6899999999999977
26.5 0.5 2.2299999999999898
27.0 0.5 0.5300000000000011
27.5 0.5 -1.7900000000000063
28.0 0.5 0.0
28.5 0.5 -0.3299999999999983
29.0 0.5 -0.8299999999999983
29.5 0.5 0.10999999999999943
30.0 0.5 -0.4200000000000017
30.5 0.5 -0.2400000000000091
31.0 0.5 -0.28000000000000114
31.5 0.5 1.3799999999999955
32.0 0.5 0.10999999999999943
32.5 0.5 0.8299999999999983
33.0 0.5 -1.0200000000000102
33.5 0.5 -0.37000000000000455
34.0 0.5 1.6899999999999977
34.5 0.5 0.5999999999999943
35.0 0.5 0.3199999999999932
35.5 0.5 -0.6500000000000057
36.0 0.5 -0.9300000000000068
36.5 0.5 -0.710000000000008
37.0 0.5 0.36999999999999034
37.5 0.5 -0.3100000000000023
38.0 0.5 0.539999999999992
38.5 0.5 0.9299999999999926
39.0 0.5 -0.4200000000000017
39.5 0.5 -0.15000000000000568
40.0 0.5 -0.5799999999999983
40.5 0.5 0.18999999999999773
41.0 0.5 -0.07000000000000739
41.5 0.5 1.3799999999999955
42.0 0.5 1.3999999999999915
42.5 0.5 0.3199999999999932
43.0 0.5 1.2299999999999898
43.5 0.5 -0.6099999999999994
44.0 0.5 0.6299999999999955
44.5 0.5 0.519999999999996
45.0 0.5 1.9799999999999898
45.5 0.5 -0.13000000000000966
46.0 0.5 -0.20000000000000284
46.5 0.5 -0.3100000000000023
47.0 0.5 -0.1700000000000017
47.5 0.5 -0.23000000000000398
48.0 0.5 1.0
48.5 0.5 2.019999999999996
49.0 0.5 1.4499999999999886
49.5 0.5 0.4299999999999926
50.0 0.5 0.35999999999999943
50.5 0.5 0.8499999999999943
51.0 0.5 -0.3400000000000034
51.5 0.5 0.9499999999999886
52.0 0.5 0.47999999999998977
52.5 0.5 -0.23000000000000398
53.0 0.5 0.6799999999999926
53.5 0.5 1.2399999999999949
54.0 0.5 0.39000000000000057
54.5 0.5 0.44999999999998863
55.0 0.5 -0.9300000000000068
55.5 0.5 -0.8400000000000034
56.0 0.5 0.8499999999999943
56.5 0.5 -0.6800000000000068
57.0 0.5 -0.27000000000001023
57.5 0.5 0.22999999999998977
58.0 0.5 -0.07000000000000739
58.5 0.5 0.6400000000000006
59.0 0.5 0.4299999999999926
59.5 0.5 0.5699999999999932
0 1.0 1.0499999999999972
0.5 1.0 -0.5700000000000074
1.0 1.0 -0.45000000000000284
1.5 1.0 -0.14000000000000057
2.0 1.0 0.4399999999999977
2.5 1.0 -0.4100000000000108
3.0 1.0 0.6700000000000017
3.5 1.0 1.2299999999999898
4.0 1.0 -0.23000000000000398
4.5 1.0 -0.14000000000000057
5.0 1.0 1.5699999999999932
5.5 1.0 0.7599999999999909
6.0 1.0 0.29999999999999716
6.5 1.0 1.9899999999999949
7.0 1.0 0.06999999999999318
7.5 1.0 -0.4000000000000057
8.0 1.0 -0.3500000000000085
8.5 1.0 -1.1500000000000057
9.0 1.0 1.3100000000000023
9.5 1.0 1.2199999999999989
10.0 1.0 1.019999999999996
10.5 1.0 -1.490000000000009
11.0 1.0 -1.7900000000000063
11.5 1.0 0.1599999999999966
12.0 1.0 0.39000000000000057
12.5 1.0 1.0999999999999943
13.0 1.0 0.3399999999999892
13.5 1.0 -0.2400000000000091
14.0 1.0 0.1599999999999966
14.5 1.0 0.8100000000000023
15.0 1.0 1.6700000000000017
15.5 1.0 -0.5200000000000102
16.0 1.0 -0.6899999999999977
16.5 1.0 -0.10999999999999943
17.0 1.0 -0.21000000000000796
17.5 1.0 -0.9000000000000057
18.0 1.0 0.5799999999999983
18.5 1.0 -0.7800000000000011
19.0 1.0 0.4200000000000017
19.5 1.0 0.2599999999999909
20.0 1.0 -0.05000000000001137
20.5 1.0 1.1799999999999926
21.0 1.0 -1.6500000000000057
21.5 1.0 -1.3700000000000045
22.0 1.0 0.5
22.5 1.0 -1.4699999999999989
23.0 1.0 -0.7199999999999989
23.5 1.0 -0.39000000000000057
24.0 1.0 -0.6899999999999977
24.5 1.0 -0.4000000000000057
25.0 1.0 1.0899999999999892
25.5 1.0 -0.18000000000000682
26.0 1.0 1.0300000000000011
26.5 1.0 0.5600000000000023
27.0 1.0 -0.5700000000000074
27.5 1.0 0.39000000000000057
28.0 1.0 0.06999999999999318
28.5 1.0 -0.18999999999999773
29.0 1.0 -0.46999999999999886
29.5 1.0 -0.4100000000000108
30.0 1.0 0.4099999999999966
30.5 1.0 -0.9900000000000091
31.0 1.0 -0.39000000000000057
31.5 1.0 -0.0799999999999983
32.0 1.0 -0.10000000000000853
32.5 1.0 0.45999999999999375
33.0 1.0 1.0799999999999983
33.5 1.0 -1.3599999999999994
34.0 1.0 -1.230000000000004
34.5 1.0 -0.18000000000000682
35.0 1.0 -0.5500000000000114
35.5 1.0 0.0899999999999892
36.0 1.0 0.4899999999999949
36.5 1.0 0.11999999999999034
37.0 1.0 0.1799999999999926
37.5 1.0 0.28999999999999204
38.0 1.0 1.0999999999999943
38.5 1.0 0.12999999999999545
39.0 1.0 -0.4000000000000057
39.5 1.0 -0.5200000000000102
40.0 1.0 0.6299999999999955
40.5 1.0 -0.8200000000000074
41.0 1.0 0.6999999999999886
41.5 1.0 1.1599999999999966
42.0 1.0 1.4599999999999937
42.5 1.0 2.0600000000000023
43.0 1.0 0.6700000000000017
43.5 1.0 -1.0100000000000051
44.0 1.0 1.1199999999999903
44.5 1.0 -0.480000000000004
45.0 1.0 -1.1300000000000097
45.5 1.0 -0.12000000000000455
46.0 1.0 -0.15000000000000568
46.5 1.0 0.7199999999999989
47.0 1.0 0.6499999999999915
47.5 1.0 -1.6899999999999977
48.0 1.0 -0.1700000000000017
48.5 1.0 -1.3200000000000074
49.0 1.0 0.29999999999999716
49.5 1.0 -0.25
50.0 1.0 -0.28000000000000114
50.5 1.0 -0.1600000000000108
51.0 1.0 -0.3200000000000074
51.5 1.0 -0.6500000000000057
52.0 1.0 0.9200000000000017
52.5 1.0 0.37999999999999545
53.0 1.0 0.009999999999990905
53.5 1.0 0.8100000000000023
54.0 1.0 0.21999999999999886
54.5 1.0 -0.4000000000000057
55.0 1.0 0.0799999999999983
55.5 1.0 0.5999999999999943
56.0 1.0 0.1799999999999926
56.5 1.0 0.5499999999999972
57.0 1.0 0.01999999999999602
57.5 1.0 0.44999999999998863
58.0 1.0 0.23999999999999488
58.5 1.0 0.1700000000000017
59.0 1.0 1.039999999999992
59.5 1.0 0.46999999999999886
0 1.5 2.019999999999996
0.5 1.5 0.04999999999999716
1.0 1.5 0.36999999999999034
1.5 1.5 1.2099999999999937
2.0 1.5 0.37999999999999545
2.5 1.5 -0.28000000000000114
3.0 1.5 1.9200000000000017
3.5 1.5 0.5
4.0 1.5 0.1599999999999966
4.5 1.5 1.0300000000000011
5.0 1.5 -0.480000000000004
5.5 1.5 0.03999999999999204
6.0 1.5 0.9699999999999989
6.5 1.5 0.11999999999999034
7.0 1.5 1.269999999999996
7.5 1.5 0.9699999999999989
8.0 1.5 -1.1400000000000006
8.5 1.5 -0.060000000000002274
9.0 1.5 1.3799999999999955
9.5 1.5 0.44999999999998863
10.0 1.5 0.5799999999999983
10.5 1.5 -0.4300000000000068
11.0 1.5 1.3799999999999955
11.5 1.5 -0.23000000000000398
12.0 1.5 0.6999999999999886
12.5 1.5 -0.6600000000000108
13.0 1.5 0.3199999999999932
13.5 1.5 0.3199999999999932
14.0 1.5 0.35999999999999943
14.5 1.5 -0.45000000000000284
15.0 1.5 -0.8000000000000114
15.5 1.5 -0.21000000000000796
16.0 1.5 0.060000000000002274
16.5 1.5 1.2299999999999898
17.0 1.5 -0.1700000000000017
17.5 1.5 0.4200000000000017
18.0 1.5 -0.6300000000000097
18.5 1.5 -0.980000000000004
19.0 1.5 -0.010000000000005116
19.5 1.5 0.5600000000000023
20.0 1.5 -1.0700000000000074
20.5 1.5 0.3399999999999892
21.0 1.5 0.5899999999999892
21.5 1.5 0.6400000000000006
22.0 1.5 -0.6000000000000085
22.5 1.5 1.2399999999999949
23.0 1.5 0.06999999999999318
23.5 1.5 0.04999999999999716
24.0 1.5 -0.12000000000000455
24.5 1.5 -0.8200000000000074
25.0 1.5 0.03999999999999204
25.5 1.5 0.3299999999999983
26.0 1.5 -0.5600000000000023
26.5 1.5 0.7399999999999949
27.0 1.5 -1.0600000000000023
27.5 1.5 0.7199999999999989
28.0 1.5 -0.27000000000001023
28.5 1.5 -0.5
29.0 1.5 0.6299999999999955
29.5 1.5 -0.37000000000000455
30.0 1.5 0.7999999999999972
30.5 1.5 1.3599999999999994
31.0 1.5 0.10999999999999943
31.5 1.5 0.0
32.0 1.5 0.22999999999998977
32.5 1.5 0.23999999999999488
33.0 1.5 -0.05000000000001137
33.5 1.5 -1.1600000000000108
34.0 1.5 0.8999999999999915
34.5 1.5 0.5
35.0 1.5 0.6299999999999955
35.5 1.5 1.6099999999999994
36.0 1.5 0.47999999999998977
36.5 1.5 0.14000000000000057
37.0 1.5 -0.480000000000004
37.5 1.5 0.21999999999999886
38.0 1.5 -0.6899999999999977
38.5 1.5 -0.5400000000000063
39.0 1.5 0.6299999999999955
39.5 1.5 0.11999999999999034
40.0 1.5 0.9499999999999886
40.5 1.5 0.8599999999999994
41.0 1.5 1.009999999999991
41.5 1.5 -0.9500000000000028
42.0 1.5 0.4099999999999966
42.5 1.5 -2.219999999999999
43.0 1.5 0.5600000000000023
43.5 1.5 1.1599999999999966
44.0 1.5 0.539999999999992
44.5 1.5 0.5999999999999943
45.0 1.5 -0.8599999999999994
45.5 1.5 -0.6500000000000057
46.0 1.5 -0.480000000000004
46.5 1.5 -1.230000000000004
47.0 1.5 1.1700000000000017
47.5 1.5 -0.4200000000000017
48.0 1.5 1.5899999999999892
48.5 1.5 -0.0799999999999983
49.0 1.5 0.8900000000000006
49.5 1.5 0.28000000000000114
50.0 1.5 -0.4900000000000091
50.5 1.5 0.6700000000000017
51.0 1.5 -0.6000000000000085
51.5 1.5 0.7800000000000011
52.0 1.5 0.36999999999999034
52.5 1.5 0.47999999999998977
53.0 1.5 1.5899999999999892
53.5 1.5 0.4899999999999949
54.0 1.5 -0.4000000000000057
54.5 1.5 1.75
55.0 1.5 -0.3400000000000034
55.5 1.5 1.1199999999999903
56.0 1.5 0.9299999999999926
56.5 1.5 -1.5300000000000011
57.0 1.5 0.1799999999999926
57.5 1.5 -0.29000000000000625
58.0 1.5 -0.7900000000000063
58.5 1.5 -0.18999999999999773
59.0 1.5 -0.09000000000000341
59.5 1.5 -0.5200000000000102
0 2.0 -0.4399999999999977
0.5 2.0 0.4200000000000017
1.0 2.0 1.0799999999999983
1.5 2.0 -0.3400000000000034
2.0 2.0 0.7399999999999949
2.5 2.0 0.6999999999999886
3.0 2.0 -0.5400000000000063
3.5 2.0 -1.460000000000008
4.0 2.0 -0.8599999999999994
4.5 2.0 -0.710000000000008
5.0 2.0 0.7299999999999898
5.5 2.0 -0.10999999999999943
6.0 2.0 -0.9100000000000108
6.5 2.0 0.46999999999999886
7.0 2.0 -0.8000000000000114
7.5 2.0 -0.5600000000000023
8.0 2.0 -0.2600000000000051
8.5 2.0 0.39000000000000057
9.0 2.0 0.22999999999998977
9.5 2.0 -1.7900000000000063
10.0 2.0 1.25
10.5 2.0 -0.3400000000000034
11.0 2.0 1.039999999999992
11.5 2.0 0.4099999999999966
12.0 2.0 0.6299999999999955
12.5 2.0 0.10999999999999943
13.0 2.0 0.4899999999999949
13.5 2.0 -1.0300000000000011
14.0 2.0 0.23999999999999488
14.5 2.0 1.1199999999999903
15.0 2.0 0.5600000000000023
15.5 2.0 0.5899999999999892
16.0 2.0 0.4299999999999926
16.5 2.0 -0.3400000000000034
17.0 2.0 0.39000000000000057
17.5 2.0 -0.6200000000000045
18.0 2.0 -0.23000000000000398
18.5 2.0 -0.15000000000000568
19.0 2.0 0.47999999999998977
19.5 2.0 -0.46999999999999886
20.0 2.0 -1.6700000000000017
20.5 2.0 0.5899999999999892
21.0 2.0 0.5699999999999932
21.5 2.0 0.9399999999999977
22.0 2.0 0.6700000000000017
22.5 2.0 -0.4100000000000108
23.0 2.0 0.9799999999999898
23.5 2.0 0.539999999999992
24.0 2.0 0.2599999999999909
24.5 2.0 -0.6600000000000108
25.0 2.0 -1.1000000000000085
25.5 2.0 0.5499999999999972
26.0 2.0 -0.8100000000000023
26.5 2.0 0.22999999999998977
27.0 2.0 -0.6600000000000108
27.5 2.0 0.789999999999992
28.0 2.0 0.060000000000002274
28.5 2.0 -1.3299999999999983
29.0 2.0 -0.9500000000000028
29.5 2.0 2.009999999999991
30.0 2.0 0.35999999999999943
30.5 2.0 1.0
31.0 2.0 1.3499999999999943
31.5 2.0 -0.730000000000004
32.0 2.0 0.8199999999999932
32.5 2.0 0.04999999999999716
33.0 2.0 0.14000000000000057
33.5 2.0 0.8999999999999915
34.0 2.0 -0.05000000000001137
34.5 2.0 0.3199999999999932
35.0 2.0 -0.6700000000000017
35.5 2.0 0.4200000000000017
36.0 2.0 0.03999999999999204
36.5 2.0 0.7199999999999989
37.0 2.0 0.030000000000001137
37.5 2.0 0.7099999999999937
38.0 2.0 -1.3000000000000114
38.5 2.0 0.36999999999999034
39.0 2.0 -0.5300000000000011
39.5 2.0 0.6499999999999915
40.0 2.0 0.6299999999999955
40.5 2.0 -0.960000000000008
41.0 2.0 1.1700000000000017
41.5 2.0 -0.030000000000001137
42.0 2.0 -0.8400000000000034
42.5 2.0 -0.5100000000000051
43.0 2.0 -0.6200000000000045
43.5 2.0 -0.05000000000001137
44.0 2.0 -0.23000000000000398
44.5 2.0 0.09999999999999432
45.0 2.0 0.5
45.5 2.0 2.1199999999999903
46.0 2.0 -0.710000000000008
46.5 2.0 0.37999999999999545
47.0 2.0 -0.8700000000000045
47.5 2.0 0.29999999999999716
48.0 2.0 1.1400000000000006
48.5 2.0 0.37999999999999545
49.0 2.0 -1.730000000000004
49.5 2.0 0.3299999999999983
50.0 2.0 0.5699999999999932
50.5 2.0 1.3799999999999955
51.0 2.0 0.06999999999999318
51.5 2.0 0.19999999999998863
52.0 2.0 -0.4399999999999977
52.5 2.0 0.9299999999999926
53.0 2.0 2.089999999999989
53.5 2.0 -0.8900000000000006
54.0 2.0 -0.46999999999999886
54.5 2.0 0.9699999999999989
55.0 2.0 0.23999999999999488
55.5 2.0 1.1799999999999926
56.0 2.0 0.6499999999999915
56.5 2.0 -0.3299999999999983
57.0 2.0 0.789999999999992
57.5 2.0 0.7800000000000011
58.0 2.0 -0.7900000000000063
58.5 2.0 2.049999999999997
59.0 2.0 0.0
59.5 2.0 0.12999999999999545
0 2.5 0.5300000000000011
0.5 2.5 0.8100000000000023
1.0 2.5 0.269999999999996
1.5 2.5 1.7800000000000011
2.0 2.5 -0.980000000000004
2.5 2.5 1.5600000000000023
3.0 2.5 0.45999999999999375
3.5 2.5 -0.07000000000000739
4.0 2.5 -0.14000000000000057
4.5 2.5 -0.060000000000002274
5.0 2.5 0.11999999999999034
5.5 2.5 0.12999999999999545
6.0 2.5 0.789999999999992
6.5 2.5 0.6799999999999926
7.0 2.5 0.3499999999999943
7.5 2.5 -0.4000000000000057
8.0 2.5 -1.3800000000000097
8.5 2.5 0.5300000000000011
9.0 2.5 -0.25
9.5 2.5 0.22999999999998977
10.0 2.5 -0.7000000000000028
10.5 2.5 0.03999999999999204
11.0 2.5 0.8100000000000023
11.5 2.5 0.39000000000000057
12.0 2.5 1.7299999999999898
12.5 2.5 0.21999999999999886
13.0 2.5 -0.15000000000000568
13.5 2.5 -0.6300000000000097
14.0 2.5 -0.6099999999999994
14.5 2.5 1.2199999999999989
15.0 2.5 0.0
15.5 2.5 0.3299999999999983
16.0 2.5 -1.3800000000000097
16.5 2.5 0.9099999999999966
17.0 2.5 0.20999999999999375
17.5 2.5 1.2999999999999972
18.0 2.5 0.8900000000000006
18.5 2.5 1.0
19.0 2.5 -0.7600000000000051
19.5 2.5 0.4299999999999926
20.0 2.5 -0.3299999999999983
20.5 2.5 0.14000000000000057
21.0 2.5 -0.8200000000000074
21.5 2.5 0.0899999999999892
22.0 2.5 -0.9200000000000017
22.5 2.5 -0.8500000000000085
23.0 2.5 0.9899999999999949
23.5 2.5 0.6700000000000017
24.0 2.5 0.030000000000001137
24.5 2.5 -0.20000000000000284
25.0 2.5 0.9099999999999966
25.5 2.5 0.6199999999999903
26.0 2.5 0.25
26.5 2.5 -0.39000000000000057
27.0 2.5 -1.0799999999999983
27.5 2.5 0.789999999999992
28.0 2.5 1.25
28.5 2.5 -0.8200000000000074
29.0 2.5 0.2599999999999909
29.5 2.5 -0.5200000000000102
30.0 2.5 -0.4200000000000017
30.5 2.5 0.4200000000000017
31.0 2.5 -1.1000000000000085
31.5 2.5 -0.15000000000000568
32.0 2.5 0.8499999999999943
32.5 2.5 -0.05000000000001137
33.0 2.5 -0.8599999999999994
33.5 2.5 -1.0100000000000051
34.0 2.5 0.4299999999999926
34.5 2.5 1.1899999999999977
35.0 2.5 1.0699999999999932
35.5 2.5 0.19999999999998863
36.0 2.5 -1.990000000000009
36.5 2.5 1.3999999999999915
37.0 2.5 0.0
37.5 2.5 -0.6500000000000057
38.0 2.5 0.269999999999996
38.5 2.5 -0.5799999999999983
39.0 2.5 -0.5900000000000034
39.5 2.5 -0.14000000000000057
40.0 2.5 -1.4500000000000028
40.5 2.5 -0.4900000000000091
41.0 2.5 -0.4300000000000068
41.5 2.5 -0.4200000000000017
42.0 2.5 -0.18999999999999773
42.5 2.5 -0.39000000000000057
43.0 2.5 0.14000000000000057
43.5 2.5 0.0799999999999983
44.0 2.5 -0.75
44.5 2.5 0.09999999999999432
45.0 2.5 -0.8700000000000045
45.5 2.5 0.8499999999999943
46.0 2.5 0.6299999999999955
46.5 2.5 1.3900000000000006
47.0 2.5 0.4399999999999977
47.5 2.5 0.01999999999999602
48.0 2.5 2.1899999999999977
48.5 2.5 -0.46999999999999886
49.0 2.5 -0.6500000000000057
49.5 2.5 0.4399999999999977
50.0 2.5 2.719999999999999
50.5 2.5 0.789999999999992
51.0 2.5 1.2099999999999937
51.5 2.5 0.44999999999998863
52.0 2.5 1.3599999999999994
52.5 2.5 1.039999999999992
53.0 2.5 -0.18000000000000682
53.5 2.5 0.45999999999999375
54.0 2.5 1.0600000000000023
54.5 2.5 1.2199999999999989
55.0 2.5 -0.05000000000001137
55.5 2.5 -1.0799999999999983
56.0 2.5 0.47999999999998977
56.5 2.5 0.10999999999999943
57.0 2.5 -1.1000000000000085
57.5 2.5 0.5300000000000011
58.0 2.5 -0.09000000000000341
58.5 2.5 1.3199999999999932
59.0 2.5 -0.020000000000010232
59.5 2.5 0.4299999999999926
0 3.0 0.7199999999999989
0.5 3.0 -1.990000000000009
1.0 3.0 0.8399999999999892
1.5 3.0 -0.4300000000000068
2.0 3.0 0.769999999999996
2.5 3.0 1.3799999999999955
3.0 3.0 0.769999999999996
3.5 3.0 1.1599999999999966
4.0 3.0 0.46999999999999886
4.5 3.0 -0.29000000000000625
5.0 3.0 0.3399999999999892
5.5 3.0 0.0
6.0 3.0 2.4599999999999937
6.5 3.0 0.9099999999999966
7.0 3.0 0.46999999999999886
7.5 3.0 -0.480000000000004
8.0 3.0 0.5699999999999932
8.5 3.0 -0.5200000000000102
9.0 3.0 -0.4900000000000091
9.5 3.0 1.7800000000000011
10.0 3.0 1.2800000000000011
10.5 3.0 0.8799999999999955
11.0 3.0 0.12999999999999545
11.5 3.0 0.519999999999996
12.0 3.0 -0.3100000000000023
12.5 3.0 -0.4900000000000091
13.0 3.0 0.21999999999999886
13.5 3.0 -0.10000000000000853
14.0 3.0 1.3599999999999994
14.5 3.0 -1.4100000000000108
15.0 3.0 0.9799999999999898
15.5 3.0 0.269999999999996
16.0 3.0 0.10999999999999943
16.5 3.0 -1.2199999999999989
17.0 3.0 0.7099999999999937
17.5 3.0 0.8299999999999983
18.0 3.0 -0.5600000000000023
18.5 3.0 1.2800000000000011
19.0 3.0 -0.15000000000000568
19.5 3.0 -0.7000000000000028
20.0 3.0 -0.480000000000004
20.5 3.0 -1.3800000000000097
21.0 3.0 0.6599999999999966
21.5 3.0 -0.10999999999999943
22.0 3.0 1.3299999999999983
22.5 3.0 0.28999999999999204
23.0 3.0 1.1700000000000017
23.5 3.0 -0.29000000000000625
24.0 3.0 -0.5900000000000034
24.5 3.0 1.1299999999999955
25.0 3.0 -0.5799999999999983
25.5 3.0 -0.7000000000000028
26.0 3.0 0.3299999999999983
26.5 3.0 0.5999999999999943
27.0 3.0 -0.9300000000000068
27.5 3.0 -0.14000000000000057
28.0 3.0 0.29999999999999716
28.5 3.0 -0.9100000000000108
29.0 3.0 0.21999999999999886
29.5 3.0 -0.27000000000001023
30.0 3.0 -1.0200000000000102
30.5 3.0 -1.230000000000004
31.0 3.0 0.6499999999999915
31.5 3.0 0.39000000000000057
32.0 3.0 -1.1700000000000017
32.5 3.0 -1.4699999999999989
33.0 3.0 -0.5200000000000102
33.5 3.0 -0.7000000000000028
34.0 3.0 -1.6600000000000108
34.5 3.0 0.4200000000000017
35.0 3.0 1.7299999999999898
35.5 3.0 0.6400000000000006
36.0 3.0 0.4399999999999977
36.5 3.0 0.0
37.0 3.0 0.539999999999992
37.5 3.0 0.9599999999999937
38.0 3.0 1.9200000000000017
38.5 3.0 0.22999999999998977
39.0 3.0 -0.4100000000000108
39.5 3.0 0.5600000000000023
40.0 3.0 1.1899999999999977
40.5 3.0 0.060000000000002274
41.0 3.0 -0.07000000000000739
41.5 3.0 1.5499999999999972
42.0 3.0 -0.23000000000000398
42.5 3.0 0.769999999999996
43.0 3.0 -0.21999999999999886
43.5 3.0 1.6799999999999926
44.0 3.0 1.75
44.5 3.0 0.47999999999998977
45.0 3.0 -0.4900000000000091
45.5 3.0 0.3499999999999943
46.0 3.0 0.6899999999999977
46.5 3.0 0.6899999999999977
47.0 3.0 -0.3500000000000085
47.5 3.0 -0.4300000000000068
48.0 3.0 1.0499999999999972
48.5 3.0 0.1799999999999926
49.0 3.0 1.6599999999999966
49.5 3.0 -0.04000000000000625
50.0 3.0 -1.0799999999999983
50.5 3.0 2.25
51.0 3.0 0.44999999999998863
51.5 3.0 -0.21000000000000796
52.0 3.0 1.759999999999991
52.5 3.0 1.269999999999996
53.0 3.0 -0.3200000000000074
53.5 3.0 -0.05000000000001137
54.0 3.0 -0.15000000000000568
54.5 3.0 -0.6000000000000085
55.0 3.0 0.1700000000000017
55.5 3.0 -0.28000000000000114
56.0 3.0 0.6700000000000017
56.5 3.0 0.06999999999999318
57.0 3.0 0.4200000000000017
57.5 3.0 1.009999999999991
58.0 3.0 2.039999999999992
58.5 3.0 0.4099999999999966
59.0 3.0 0.3999999999999915
59.5 3.0 -0.18000000000000682
0 3.5 2.089999999999989
0.5 3.5 -0.8800000000000097
1.0 3.5 0.28999999999999204
1.5 3.5 -0.3200000000000074
2.0 3.5 0.3999999999999915
2.5 3.5 -1.1099999999999994
3.0 3.5 0.4399999999999977
3.5 3.5 0.28999999999999204
4.0 3.5 0.5300000000000011
4.5 3.5 1.6099999999999994
5.0 3.5 0.3199999999999932
5.5 3.5 1.1599999999999966
6.0 3.5 -0.20000000000000284
6.5 3.5 -0.21000000000000796
7.0 3.5 1.009999999999991
7.5 3.5 -0.730000000000004
8.0 3.5 -0.5
8.5 3.5 -0.5600000000000023
9.0 3.5 0.3399999999999892
9.5 3.5 0.789999999999992
10.0 3.5 -0.0799999999999983
10.5 3.5 -0.9100000000000108
11.0 3.5 -0.37000000000000455
11.5 3.5 -1.1800000000000068
12.0 3.5 -1.8000000000000114
12.5 3.5 -0.9699999999999989
13.0 3.5 -0.8700000000000045
13.5 3.5 -0.0799999999999983
14.0 3.5 -0.20000000000000284
14.5 3.5 -0.07000000000000739
15.0 3.5 -0.1700000000000017
15.5 3.5 0.20999999999999375
16.0 3.5 -0.9699999999999989
16.5 3.5 -1.5300000000000011
17.0 3.5 0.7199999999999989
17.5 3.5 0.789999999999992
18.0 3.5 -0.30000000000001137
18.5 3.5 0.9899999999999949
19.0 3.5 -1.6000000000000085
19.5 3.5 -0.1700000000000017
20.0 3.5 -1.1000000000000085
20.5 3.5 0.6499999999999915
21.0 3.5 1.3900000000000006
21.5 3.5 0.9399999999999977
22.0 3.5 -0.21999999999999886
22.5 3.5 -0.21999999999999886
23.0 3.5 -1.2199999999999989
23.5 3.5 0.3999999999999915
24.0 3.5 -0.3400000000000034
24.5 3.5 0.44999999999998863
25.0 3.5 -0.6400000000000006
25.5 3.5 -0.2600000000000051
26.0 3.5 -1.0400000000000063
26.5 3.5 -0.1700000000000017
27.0 3.5 -0.14000000000000057
27.5 3.5 -1.5900000000000034
28.0 3.5 0.5099999999999909
28.5 3.5 -0.21000000000000796
29.0 3.5 -0.23000000000000398
29.5 3.5 0.5
30.0 3.5 -0.5799999999999983
30.5 3.5 0.3499999999999943
31.0 3.5 1.0799999999999983
31.5 3.5 -2.5799999999999983
32.0 3.5 -0.8900000000000006
32.5 3.5 1.539999999999992
33.0 3.5 -0.6600000000000108
33.5 3.5 0.8799999999999955
34.0 3.5 -0.39000000000000057
34.5 3.5 0.8199999999999932
35.0 3.5 -1.6500000000000057
35.5 3.5 -0.6000000000000085
36.0 3.5 0.09999999999999432
36.5 3.5 0.4399999999999977
37.0 3.5 -1.3599999999999994
37.5 3.5 1.5600000000000023
38.0 3.5 -0.7000000000000028
38.5 3.5 0.36999999999999034
39.0 3.5 -0.09000000000000341
39.5 3.5 -0.8299999999999983
40.0 3.5 -0.7199999999999989
40.5 3.5 -0.7400000000000091
41.0 3.5 1.4200000000000017
41.5 3.5 0.09999999999999432
42.0 3.5 -0.6500000000000057
42.5 3.5 1.289999999999992
43.0 3.5 -0.9900000000000091
43.5 3.5 0.5799999999999983
44.0 3.5 -0.1700000000000017
44.5 3.5 0.9200000000000017
45.0 3.5 -1.6300000000000097
45.5 3.5 -1.6200000000000045
46.0 3.5 0.6099999999999994
46.5 3.5 -0.75
47.0 3.5 -0.14000000000000057
47.5 3.5 -1.1600000000000108
48.0 3.5 0.2599999999999909
48.5 3.5 0.6799999999999926
49.0 3.5 -0.9300000000000068
49.5 3.5 1.0300000000000011
50.0 3.5 1.0699999999999932
50.5 3.5 -2.030000000000001
51.0 3.5 1.1099999999999994
51.5 3.5 -1.1000000000000085
52.0 3.5 0.9899999999999949
52.5 3.5 0.5899999999999892
53.0 3.5 1.5799999999999983
53.5 3.5 0.5999999999999943
54.0 3.5 2.509999999999991
54.5 3.5 0.6899999999999977
55.0 3.5 -0.25
55.5 3.5 0.5799999999999983
56.0 3.5 1.5300000000000011
56.5 3.5 -0.45000000000000284
57.0 3.5 1.1199999999999903
57.5 3.5 -0.27000000000001023
58.0 3.5 1.3299999999999983
58.5 3.5 1.4499999999999886
59.0 3.5 2.549999999999997
59.5 3.5 1.8999999999999915
0 4.0 0.45999999999999375
0.5 4.0 0.3199999999999932
1.0 4.0 -0.25
1.5 4.0 0.01999999999999602
2.0 4.0 0.3100000000000023
2.5 4.0 -1.1500000000000057
3.0 4.0 1.9499999999999886
3.5 4.0 1.5799999999999983
4.0 4.0 0.19999999999998863
4.5 4.0 0.6799999999999926
5.0 4.0 1.2800000000000011
5.5 4.0 0.8900000000000006
6.0 4.0 -0.6700000000000017
6.5 4.0 -0.29000000000000625
7.0 4.0 0.7199999999999989
7.5 4.0 0.6299999999999955
8.0 4.0 -0.3400000000000034
8.5 4.0 0.29999999999999716
9.0 4.0 -0.46999999999999886
9.5 4.0 -0.5799999999999983
10.0 4.0 0.9299999999999926
10.5 4.0 0.5899999999999892
11.0 4.0 -1.740000000000009
11.5 4.0 0.46999999999999886
12.0 4.0 -0.18999999999999773
12.5 4.0 1.759999999999991
13.0 4.0 0.7599999999999909
13.5 4.0 -0.14000000000000057
14.0 4.0 -0.7199999999999989
14.5 4.0 0.28999999999999204
15.0 4.0 0.9399999999999977
15.5 4.0 -0.480000000000004
16.0 4.0 -0.7199999999999989
16.5 4.0 -0.13000000000000966
17.0 4.0 -0.8599999999999994
17.5 4.0 0.9200000000000017
18.0 4.0 0.29999999999999716
18.5 4.0 0.2599999999999909
19.0 4.0 -0.09000000000000341
19.5 4.0 -0.4399999999999977
20.0 4.0 1.3900000000000006
20.5 4.0 -0.20000000000000284
21.0 4.0 -0.5799999999999983
21.5 4.0 1.3199999999999932
22.0 4.0 -0.46000000000000796
22.5 4.0 0.6700000000000017
23.0 4.0 0.14999999999999147
23.5 4.0 0.3399999999999892
24.0 4.0 -1.0
24.5 4.0 2.1799999999999926
25.0 4.0 -0.4300000000000068
25.5 4.0 1.8699999999999903
26.0 4.0 0.37999999999999545
26.5 4.0 0.11999999999999034
27.0 4.0 0.12999999999999545
27.5 4.0 -0.35999999999999943
28.0 4.0 1.5899999999999892
28.5 4.0 0.14000000000000057
29.0 4.0 0.5
29.5 4.0 -0.38000000000000966
30.0 4.0 -0.18000000000000682
30.5 4.0 -0.2400000000000091
31.0 4.0 0.37999999999999545
31.5 4.0 -0.12000000000000455
32.0 4.0 -0.27000000000001023
32.5 4.0 0.6299999999999955
33.0 4.0 0.4399999999999977
33.5 4.0 0.7800000000000011
34.0 4.0 -0.1700000000000017
34.5 4.0 -0.8100000000000023
35.0 4.0 0.7800000000000011
35.5 4.0 -0.4100000000000108
36.0 4.0 -0.710000000000008
36.5 4.0 0.12999999999999545
37.0 4.0 0.6899999999999977
37.5 4.0 -1.0700000000000074
38.0 4.0 -0.4000000000000057
38.5 4.0 -0.10000000000000853
39.0 4.0 -0.23000000000000398
39.5 4.0 -0.75
40.0 4.0 -0.020000000000010232
40.5 4.0 -0.6700000000000017
41.0 4.0 -0.12000000000000455
41.5 4.0 -0.38000000000000966
42.0 4.0 0.5499999999999972
42.5 4.0 -0.3400000000000034
43.0 4.0 -0.5300000000000011
43.5 4.0 -0.060000000000002274
44.0 4.0 0.3299999999999983
44.5 4.0 -0.13000000000000966
45.0 4.0 0.0899999999999892
45.5 4.0 2.259999999999991
46.0 4.0 -0.030000000000001137
46.5 4.0 -0.6200000000000045
47.0 4.0 -1.1300000000000097
47.5 4.0 -0.09000000000000341
48.0 4.0 0.6999999999999886
48.5 4.0 0.7399999999999949
49.0 4.0 0.0799999999999983
49.5 4.0 0.3199999999999932
50.0 4.0 -0.3100000000000023
50.5 4.0 0.009999999999990905
51.0 4.0 0.03999999999999204
51.5 4.0 -0.9699999999999989
52.0 4.0 0.19999999999998863
52.5 4.0 -1.4000000000000057
53.0 4.0 0.030000000000001137
53.5 4.0 0.3100000000000023
54.0 4.0 -0.14000000000000057
54.5 4.0 0.1599999999999966
55.0 4.0 0.060000000000002274
55.5 4.0 0.7299999999999898
56.0 4.0 -0.3100000000000023
56.5 4.0 -1.0900000000000034
57.0 4.0 0.1799999999999926
57.5 4.0 1.0499999999999972
58.0 4.0 0.0799999999999983
58.5 4.0 0.7800000000000011
59.0 4.0 1.2099999999999937
59.5 4.0 0.4099999999999966
0 4.5 -0.30000000000001137
0.5 4.5 0.0799999999999983
1.0 4.5 0.6400000000000006
