119.7 59.98 49.99
119.2 60.98 49.99
118.3 61.98 49.99
118.3 62.98 49.99
117.4 63.98 49.99
117.9 64.98 49.99
117.4 65.98 49.99
116.6 66.98 49.99
115.9 67.98 49.99
115.1 68.99 49.99
115.2 69.99 49.99
113.6 70.99 49.99
114.6 71.99 49.99
113.4 72.99 49.99
114.1 74.0 49.99
113.8 75.0 49.99
113.9 76.0 49.99
113.4 77.0 49.99
112.7 78.0 49.99
111.9 79.01 49.99
114.4 80.01 49.99
112.9 81.01 49.99
113.9 82.01 49.99
114.2 83.01 49.99
114.0 84.02 49.99
113.2 85.02 49.99
114.1 86.02 49.99
114.0 87.02 49.99
113.7 88.02 49.99
114.9 89.03 49.99
114.0 90.03 48.99
115.3 89.03 48.99
114.8 88.02 48.99
114.4 87.02 48.99
115.7 86.02 48.99
114.1 85.02 48.99
114.4 84.02 48.99
113.5 83.01 48.99
112.3 82.01 48.99
113.5 81.01 48.99
111.8 80.01 48.99
114.0 79.01 48.99
113.3 78.0 48.99
113.9 77.0 48.99
114.8 76.0 48.99
114.6 75.0 48.99
114.1 74.0 48.99
113.2 72.99 48.99
113.1 71.99 48.99
115.1 70.99 48.99
116.1 69.99 48.99
115.1 68.99 48.99
116.4 67.98 48.99
115.9 66.98 48.99
117.5 65.98 48.99
117.6 64.98 48.99
119.9 63.98 48.99
119.8 62.98 48.99
119.5 61.98 48.99
120.5 60.98 48.99
120.4 59.98 47.99
120.1 60.98 47.99
120.9 61.98 47.99
119.8 62.98 47.99
120.2 63.98 47.99
120.5 64.98 47.99
118.7 65.98 47.99
117.1 66.98 47.99
115.3 67.98 47.99
116.2 68.99 47.99
115.7 69.99 47.99
115.0 70.99 47.99
115.3 71.99 47.99
114.6 72.99 47.99
114.6 74.0 47.99
112.8 75.0 47.99
112.2 76.0 47.99
112.9 77.0 47.99
113.0 78.0 47.99
113.9 79.01 47.99
113.0 80.01 47.99
112.5 81.01 47.99
114.5 82.01 47.99
114.4 83.01 47.99
115.1 84.02 47.99
113.6 85.02 47.99
115.1 86.02 47.99
112.9 87.02 47.99
114.2 88.02 47.99
113.7 89.03 47.99
114.0 90.03 46.99
113.8 89.03 46.99
116.3 88.02 46.99
114.1 87.02 46.99
114.4 86.02 46.99
114.6 85.02 46.99
113.9 84.02 46.99
113.8 83.01 46.99
114.1 82.01 46.99
113.7 81.01 46.99
114.6 80.01 46.99
112.9 79.01 46.99
113.4 78.0 46.99
112.5 77.0 46.99
112.0 76.0 46.99
112.8 75.0 46.99
113.8 74.0 46.99
114.7 72.99 46.99
114.4 71.99 46.99
114.7 70.99 46.99
116.2 69.99 46.99
117.4 68.99 46.99
117.1 67.98 46.99
117.3 66.98 46.99
119.3 65.98 46.99
119.8 64.98 46.99
121.6 63.98 46.99
121.4 62.98 46.99
121.7 61.98 46.99
121.2 60.98 46.99
120.9 59.98 45.99
120.9 60.98 45.99
121.3 61.98 45.99
120.5 62.98 45.99
120.1 63.98 45.99
119.5 64.98 45.99
119.6 65.98 45.99
118.9 66.98 45.99
116.4 67.98 45.99
116.4 68.99 45.99
116.4 69.99 45.99
114.9 70.99 45.99
114.7 71.99 45.99
113.9 72.99 45.99
113.6 74.0 45.99
112.3 75.0 45.99
113.0 76.0 45.99
113.5 77.0 45.99
113.8 78.0 45.99
113.9 79.01 45.99
114.4 80.01 45.99
114.0 81.01 45.99
115.4 82.01 45.99
116.3 83.01 45.99
115.1 84.02 45.99
115.2 85.02 45.99
114.7 86.02 45.99
114.2 87.02 45.99
114.9 88.02 45.99
113.9 89.03 45.99
112.8 90.03 44.99
114.1 89.03 44.99
115.4 88.02 44.99
113.9 87.02 44.99
112.2 86.02 44.99
115.3 85.02 44.99
114.7 84.02 44.99
115.0 83.01 44.99
114.3 82.01 44.99
114.2 81.01 44.99
112.8 80.01 44.99
113.0 79.01 44.99
113.8 78.0 44.99
113.6 77.0 44.99
112.1 76.0 44.99
114.6 75.0 44.99
113.1 74.0 44.99
113.1 72.99 44.99
113.9 71.99 44.99
115.3 70.99 44.99
116.2 69.99 44.99
116.5 68.99 44.99
117.4 67.98 44.99
117.9 66.98 44.99
119.1 65.98 44.99
119.8 64.98 44.99
120.2 63.98 44.99
121.9 62.98 44.99
122.3 61.98 44.99
121.0 60.98 44.99
122.1 59.98 44.0
121.0 60.98 44.0
120.5 61.98 44.0
120.4 62.98 44.0
119.9 63.98 44.0
120.5 64.98 44.0
119.4 65.98 44.0
117.5 66.98 44.0
117.6 67.98 44.0
117.7 68.99 44.0
115.2 69.99 44.0
114.9 70.99 44.0
112.6 71.99 44.0
114.2 72.99 44.0
113.7 74.0 44.0
113.2 75.0 44.0
112.3 76.0 44.0
112.9 77.0 44.0
112.7 78.0 44.0
113.5 79.01 44.0
114.3 80.01 44.0
113.4 81.01 44.0
115.0 82.01 44.0
116.0 83.01 44.0
114.0 84.02 44.0
115.9 85.02 44.0
115.0 86.02 44.0
114.5 87.02 44.0
115.2 88.02 44.0
115.0 89.03 44.0
115.2 90.03 43.0
115.4 89.03 43.0
115.0 88.02 43.0
115.3 87.02 43.0
114.2 86.02 43.0
114.0 85.02 43.0
114.4 84.02 43.0
114.2 83.01 43.0
115.3 82.01 43.0
112.7 81.01 43.0
113.3 80.01 43.0
112.0 79.01 43.0
113.8 78.0 43.0
112.0 77.0 43.0
112.5 76.0 43.0
113.6 75.0 43.0
113.8 74.0 43.0
114.1 72.99 43.0
114.4 71.99 43.0
115.7 70.99 43.0
115.7 69.99 43.0
116.3 68.99 43.0
117.0 67.98 43.0
119.5 66.98 43.0
119.1 65.98 43.0
121.1 64.98 43.0
120.6 63.98 43.0
122.2 62.98 43.0
121.1 61.98 43.0
120.8 60.98 43.0
121.8 59.98 42.0
122.7 60.98 42.0
121.7 61.98 42.0
121.6 62.98 42.0
120.9 63.98 42.0
120.2 64.98 42.0
119.7 65.98 42.0
117.7 66.98 42.0
116.8 67.98 42.0
115.6 68.99 42.0
116.4 69.99 42.0
115.5 70.99 42.0
115.5 71.99 42.0
113.7 72.99 42.0
113.4 74.0 42.0
114.0 75.0 42.0
113.3 76.0 42.0
114.1 77.0 42.0
114.5 78.0 42.0
112.2 79.01 42.0
114.3 80.01 42.0
114.1 81.01 42.0
115.0 82.01 42.0
114.9 83.01 42.0
115.4 84.02 42.0
115.7 85.02 42.0
116.5 86.02 42.0
115.0 87.02 42.0
115.2 88.02 42.0
113.9 89.03 42.0
115.5 90.03 41.0
115.1 89.03 41.0
114.4 88.02 41.0
114.3 87.02 41.0
114.2 86.02 41.0
114.5 85.02 41.0
113.9 84.02 41.0
114.6 83.01 41.0
114.2 82.01 41.0
113.9 81.01 41.0
113.2 80.01 41.0
114.6 79.01 41.0
114.5 78.0 41.0
113.0 77.0 41.0
113.9 76.0 41.0
113.8 75.0 41.0
113.4 74.0 41.0
114.2 72.99 41.0
115.4 71.99 41.0
115.0 70.99 41.0
114.1 69.99 41.0
117.4 68.99 41.0
116.6 67.98 41.0
118.9 66.98 41.0
119.7 65.98 41.0
119.5 64.98 41.0
120.9 63.98 41.0
120.5 62.98 41.0
121.4 61.98 41.0
121.1 60.98 41.0
120.5 59.98 40.0
120.7 60.98 40.0
120.7 61.98 40.0
120.9 62.98 40.0
120.1 63.98 40.0
119.7 64.98 40.0
118.1 65.98 40.0
117.8 66.98 40.0
117.4 67.98 40.0
114.7 68.99 40.0
116.0 69.99 40.0
115.1 70.99 40.0
114.1 71.99 40.0
114.2 72.99 40.0
114.9 74.0 40.0
113.6 75.0 40.0
112.9 76.0 40.0
113.2 77.0 40.0
113.6 78.0 40.0
113.5 79.01 40.0
114.1 80.01 40.0
114.4 81.01 40.0
114.5 82.01 40.0
114.0 83.01 40.0
114.0 84.02 40.0
115.1 85.02 40.0
114.6 86.02 40.0
113.6 87.02 40.0
114.8 88.02 40.0
116.3 89.03 40.0
114.3 90.03 39.0
116.1 89.03 39.0
115.1 88.02 39.0
115.2 87.02 39.0
115.3 86.02 39.0
116.5 85.02 39.0
115.4 84.02 39.0
116.4 83.01 39.0
115.1 82.01 39.0
113.5 81.01 39.0
112.8 80.01 39.0
114.5 79.01 39.0
114.6 78.0 39.0
114.1 77.0 39.0
113.8 76.0 39.0
114.2 75.0 39.0
114.5 74.0 39.0
114.8 72.99 39.0
114.8 71.99 39.0
116.4 70.99 39.0
113.4 69.99 39.0
117.2 68.99 39.0
116.9 67.98 39.0
116.6 66.98 39.0
118.9 65.98 39.0
117.8 64.98 39.0
118.3 63.98 39.0
119.5 62.98 39.0
119.4 61.98 39.0
119.6 60.98 39.0
118.9 59.98 38.0
119.1 60.98 38.0
118.8 61.98 38.0
119.9 62.98 38.0
118.0 63.98 38.0
118.6 64.98 38.0
117.5 65.98 38.0
116.7 66.98 38.0
116.9 67.98 38.0
115.9 68.99 38.0
114.6 69.99 38.0
114.1 70.99 38.0
114.2 71.99 38.0
113.9 72.99 38.0
113.9 74.0 38.0
113.2 75.0 38.0
113.4 76.0 38.0
113.1 77.0 38.0
112.9 78.0 38.0
114.3 79.01 38.0
114.4 80.01 38.0
114.2 81.01 38.0
114.4 82.01 38.0
114.7 83.01 38.0
113.8 84.02 38.0
115.4 85.02 38.0
114.0 86.02 38.0
114.6 87.02 38.0
114.9 88.02 38.0
115.5 89.03 38.0
115.8 90.03 37.0
114.5 89.03 37.0
115.4 88.02 37.0
115.9 87.02 37.0
112.9 86.02 37.0
115.6 85.02 37.0
113.0 84.02 37.0
113.5 83.01 37.0
114.1 82.01 37.0
114.2 81.01 37.0
114.6 80.01 37.0
113.1 79.01 37.0
112.7 78.0 37.0
113.5 77.0 37.0
114.3 76.0 37.0
114.1 75.0 37.0
113.2 74.0 37.0
115.0 72.99 37.0
114.2 71.99 37.0
115.7 70.99 37.0
114.9 69.99 37.0
115.5 68.99 37.0
116.4 67.98 37.0
115.9 66.98 37.0
116.2 65.98 37.0
117.1 64.98 37.0
117.0 63.98 37.0
118.2 62.98 37.0
117.1 61.98 37.0
118.0 60.98 37.0
116.6 59.98 36.0
117.5 60.98 36.0
116.9 61.98 36.0
117.4 62.98 36.0
117.2 63.98 36.0
116.5 64.98 36.0
116.1 65.98 36.0
117.0 66.98 36.0
114.5 67.98 36.0
115.4 68.99 36.0
115.5 69.99 36.0
114.1 70.99 36.0
114.4 71.99 36.0
113.8 72.99 36.0
114.4 74.0 36.0
113.2 75.0 36.0
113.7 76.0 36.0
114.3 77.0 36.0
113.2 78.0 36.0
113.9 79.01 36.0
115.0 80.01 36.0
115.8 81.01 36.0
114.1 82.01 36.0
114.2 83.01 36.0
115.2 84.02 36.0
114.3 85.02 36.0
114.1 86.02 36.0
113.9 87.02 36.0
114.7 88.02 36.0
114.4 89.03 36.0
114.9 90.03 35.0
114.5 89.03 35.0
113.9 88.02 35.0
115.7 87.02 35.0
115.3 86.02 35.0
115.6 85.02 35.0
114.6 84.02 35.0
114.5 83.01 35.0
114.7 82.01 35.0
113.2 81.01 35.0
112.3 80.01 35.0
114.5 79.01 35.0
114.5 78.0 35.0
113.5 77.0 35.0
113.5 76.0 35.0
114.4 75.0 35.0
114.8 74.0 35.0
113.0 72.99 35.0
114.0 71.99 35.0
114.2 70.99 35.0
113.1 69.99 35.0
114.6 68.99 35.0
115.2 67.98 35.0
115.4 66.98 35.0
115.7 65.98 35.0
115.7 64.98 35.0
117.6 63.98 35.0
117.6 62.98 35.0
115.7 61.98 35.0
117.3 60.98 35.0
114.8 59.98 34.01
114.5 60.98 34.01
115.4 61.98 34.01
117.4 62.98 34.01
114.9 63.98 34.01
114.9 64.98 34.01
115.2 65.98 34.01
115.0 66.98 34.01
113.5 67.98 34.01
115.2 68.99 34.01
112.6 69.99 34.01
112.2 70.99 34.01
113.5 71.99 34.01
113.7 72.99 34.01
113.6 74.0 34.01
114.3 75.0 34.01
113.6 76.0 34.01
113.3 77.0 34.01
113.8 78.0 34.01
115.1 79.01 34.01
115.0 80.01 34.01
115.1 81.01 34.01
115.5 82.01 34.01
115.7 83.01 34.01
114.6 84.02 34.01
115.4 85.02 34.01
114.0 86.02 34.01
115.9 87.02 34.01
116.1 88.02 34.01
114.8 89.03 34.01
115.4 90.03 33.01
114.2 89.03 33.01
116.2 88.02 33.01
115.7 87.02 33.01
115.4 86.02 33.01
116.1 85.02 33.01
114.5 84.02 33.01
114.5 83.01 33.01
115.8 82.01 33.01
116.6 81.01 33.01
113.6 80.01 33.01
114.7 79.01 33.01
114.3 78.0 33.01
113.3 77.0 33.01
112.4 76.0 33.01
113.7 75.0 33.01
114.0 74.0 33.01
113.7 72.99 33.01
114.6 71.99 33.01
113.1 70.99 33.01
114.4 69.99 33.01
114.3 68.99 33.01
114.7 67.98 33.01
114.7 66.98 33.01
115.1 65.98 33.01
113.6 64.98 33.01
114.2 63.98 33.01
115.1 62.98 33.01
115.8 61.98 33.01
115.0 60.98 33.01
114.3 59.98 32.01
115.3 60.98 32.01
113.6 61.98 32.01
114.8 62.98 32.01
112.8 63.98 32.01
114.0 64.98 32.01
114.3 65.98 32.01
114.8 66.98 32.01
113.2 67.98 32.01
113.6 68.99 32.01
113.6 69.99 32.01
113.1 70.99 32.01
114.2 71.99 32.01
113.9 72.99 32.01
113.4 74.0 32.01
112.9 75.0 32.01
113.7 76.0 32.01
113.2 77.0 32.01
114.9 78.0 32.01
113.7 79.01 32.01
112.1 80.01 32.01
116.0 81.01 32.01
113.9 82.01 32.01
113.5 83.01 32.01
116.6 84.02 32.01
115.7 85.02 32.01
115.0 86.02 32.01
114.3 87.02 32.01
114.2 88.02 32.01
115.3 89.03 32.01
115.5 90.03 31.01
116.1 89.03 31.01
115.9 88.02 31.01
115.6 87.02 31.01
114.9 86.02 31.01
114.6 85.02 31.01
113.7 84.02 31.01
114.8 83.01 31.01
114.5 82.01 31.01
114.8 81.01 31.01
114.3 80.01 31.01
113.9 79.01 31.01
114.5 78.0 31.01
114.4 77.0 31.01
112.8 76.0 31.01
114.3 75.0 31.01
112.4 74.0 31.01
112.9 72.99 31.01
113.6 71.99 31.01
112.9 70.99 31.01
113.8 69.99 31.01
113.2 68.99 31.01
112.8 67.98 31.01
113.5 66.98 31.01
113.3 65.98 31.01
112.8 64.98 31.01
113.5 63.98 31.01
114.6 62.98 31.01
115.1 61.98 31.01
113.6 60.98 31.01
113.1 59.98 30.01
112.4 60.98 30.01
114.2 61.98 30.01
112.6 62.98 30.01
113.4 63.98 30.01
112.6 64.98 30.01
114.3 65.98 30.01
112.0 66.98 30.01
112.6 67.98 30.01
112.9 68.99 30.01
114.5 69.99 30.01
111.4 70.99 30.01
114.4 71.99 30.01
114.3 72.99 30.01
114.7 74.0 30.01
114.6 75.0 30.01
113.8 76.0 30.01
114.0 77.0 30.01
114.5 78.0 30.01
114.7 79.01 30.01
113.8 80.01 30.01
114.4 81.01 30.01
115.4 82.01 30.01
114.8 83.01 30.01
115.2 84.02 30.01
114.8 85.02 30.01
113.2 86.02 30.01
115.2 87.02 30.01
114.0 88.02 30.01
115.5 89.03 30.01
114.3 90.03 29.01
112.9 89.03 29.01
115.3 88.02 29.01
115.1 87.02 29.01
115.5 86.02 29.01
115.2 85.02 29.01
113.9 84.02 29.01
113.8 83.01 29.01
113.7 82.01 29.01
114.1 81.01 29.01
115.7 80.01 29.01
114.6 79.01 29.01
114.3 78.0 29.01
115.2 77.0 29.01
116.0 76.0 29.01
114.4 75.0 29.01
113.8 74.0 29.01
112.9 72.99 29.01
113.6 71.99 29.01
113.8 70.99 29.01
112.6 69.99 29.01
113.4 68.99 29.01
113.8 67.98 29.01
112.3 66.98 29.01
113.2 65.98 29.01
113.0 64.98 29.01
112.8 63.98 29.01
112.0 62.98 29.01
113.2 61.98 29.01
112.4 60.98 29.01
114.8 59.98 28.0
112.7 60.98 28.0
112.8 61.98 28.0
112.8 62.98 28.0
112.5 63.98 28.0
112.0 64.98 28.0
112.0 65.98 28.0
112.2 66.98 28.0
113.6 67.98 28.0
113.5 68.99 28.0
114.2 69.99 28.0
115.0 70.99 28.0
115.1 71.99 28.0
113.5 72.99 28.0
113.2 74.0 28.0
114.4 75.0 28.0
114.2 76.0 28.0
113.9 77.0 28.0
114.4 78.0 28.0
114.3 79.01 28.0
115.3 80.01 28.0
113.6 81.01 28.0
114.0 82.01 28.0
114.0 83.01 28.0
114.8 84.02 28.0
114.5 85.02 28.0
114.1 86.02 28.0
113.4 87.02 28.0
113.9 88.02 28.0
115.0 89.03 28.0
113.7 90.03 27.0
114.4 89.03 27.0
115.4 88.02 27.0
114.2 87.02 27.0
114.6 86.02 27.0
114.1 85.02 27.0
115.3 84.02 27.0
113.5 83.01 27.0
115.1 82.01 27.0
115.0 81.01 27.0
114.7 80.01 27.0
114.0 79.01 27.0
114.1 78.0 27.0
115.0 77.0 27.0
112.8 76.0 27.0
112.9 75.0 27.0
113.9 74.0 27.0
113.4 72.99 27.0
114.0 71.99 27.0
113.3 70.99 27.0
113.4 69.99 27.0
112.8 68.99 27.0
113.5 67.98 27.0
112.1 66.98 27.0
112.7 65.98 27.0
112.2 64.98 27.0
111.9 63.98 27.0
110.8 62.98 27.0
111.1 61.98 27.0
111.9 60.98 27.0
112.6 59.98 26.0
113.6 60.98 26.0
112.9 61.98 26.0
113.5 62.98 26.0
112.5 63.98 26.0
112.6 64.98 26.0
113.3 65.98 26.0
112.5 66.98 26.0
111.9 67.98 26.0
113.0 68.99 26.0
112.7 69.99 26.0
113.3 70.99 26.0
112.9 71.99 26.0
113.6 72.99 26.0
113.6 74.0 26.0
113.5 75.0 26.0
113.7 76.0 26.0
113.7 77.0 26.0
114.2 78.0 26.0
114.8 79.01 26.0
115.4 80.01 26.0
115.2 81.01 26.0
116.0 82.01 26.0
114.4 83.01 26.0
115.0 84.02 26.0
113.9 85.02 26.0
114.6 86.02 26.0
114.7 87.02 26.0
115.2 88.02 26.0
114.7 89.03 26.0
113.8 90.03 25.0
114.0 89.03 25.0
114.0 88.02 25.0
114.5 87.02 25.0
114.4 86.02 25.0
114.1 85.02 25.0
115.2 84.02 25.0
115.5 83.01 25.0
115.7 82.01 25.0
113.9 81.01 25.0
114.0 80.01 25.0
114.5 79.01 25.0
113.1 78.0 25.0
113.8 77.0 25.0
115.4 76.0 25.0
113.8 75.0 25.0
114.1 74.0 25.0
113.4 72.99 25.0
112.4 71.99 25.0
113.1 70.99 25.0
113.1 69.99 25.0
114.0 68.99 25.0
113.3 67.98 25.0
112.3 66.98 25.0
112.5 65.98 25.0
111.8 64.98 25.0
113.5 63.98 25.0
112.2 62.98 25.0
112.2 61.98 25.0
113.2 60.98 25.0
112.9 59.98 24.0
113.8 60.98 24.0
113.4 61.98 24.0
112.0 62.98 24.0
113.2 63.98 24.0
112.8 64.98 24.0
112.4 65.98 24.0
114.5 66.98 24.0
112.0 67.98 24.0
113.9 68.99 24.0
114.8 69.99 24.0
113.0 70.99 24.0
113.1 71.99 24.0
113.1 72.99 24.0
112.9 74.0 24.0
114.2 75.0 24.0
113.3 76.0 24.0
113.5 77.0 24.0
114.7 78.0 24.0
115.1 79.01 24.0
114.8 80.01 24.0
114.0 81.01 24.0
114.9 82.01 24.0
114.6 83.01 24.0
115.1 84.02 24.0
113.2 85.02 24.0
113.6 86.02 24.0
114.6 87.02 24.0
113.6 88.02 24.0
114.0 89.03 24.0
114.0 90.03 23.0
114.3 89.03 23.0
115.6 88.02 23.0
113.2 87.02 23.0
113.7 86.02 23.0
113.2 85.02 23.0
113.7 84.02 23.0
114.3 83.01 23.0
115.3 82.01 23.0
112.2 81.01 23.0
114.1 80.01 23.0
114.2 79.01 23.0
114.0 78.0 23.0
113.2 77.0 23.0
113.3 76.0 23.0
113.1 75.0 23.0
114.6 74.0 23.0
113.8 72.99 23.0
112.5 71.99 23.0
113.2 70.99 23.0
113.4 69.99 23.0
114.9 68.99 23.0
113.6 67.98 23.0
112.6 66.98 23.0
112.5 65.98 23.0
113.2 64.98 23.0
113.4 63.98 23.0
113.6 62.98 23.0
112.3 61.98 23.0
113.7 60.98 23.0
112.5 59.98 22.0
114.7 60.98 22.0
114.1 61.98 22.0
112.2 62.98 22.0
113.9 63.98 22.0
113.1 64.98 22.0
112.8 65.98 22.0
113.7 66.98 22.0
112.7 67.98 22.0
113.9 68.99 22.0
115.5 69.99 22.0
112.0 70.99 22.0
113.0 71.99 22.0
114.6 72.99 22.0
113.9 74.0 22.0
114.4 75.0 22.0
113.6 76.0 22.0
114.1 77.0 22.0
113.8 78.0 22.0
113.3 79.01 22.0
114.7 80.01 22.0
114.3 81.01 22.0
113.9 82.01 22.0
115.3 83.01 22.0
113.9 84.02 22.0
113.9 85.02 22.0
113.0 86.02 22.0
114.8 87.02 22.0
114.0 88.02 22.0
114.0 89.03 22.0
113.6 90.03 21.0
113.9 89.03 21.0
112.7 88.02 21.0
114.0 87.02 21.0
113.3 86.02 21.0
113.4 85.02 21.0
114.2 84.02 21.0
113.7 83.01 21.0
113.2 82.01 21.0
112.7 81.01 21.0
113.6 80.01 21.0
113.7 79.01 21.0
113.5 78.0 21.0
115.0 77.0 21.0
113.0 76.0 21.0
114.6 75.0 21.0
113.4 74.0 21.0
114.0 72.99 21.0
114.5 71.99 21.0
112.6 70.99 21.0
113.7 69.99 21.0
113.5 68.99 21.0
113.2 67.98 21.0
112.1 66.98 21.0
113.5 65.98 21.0
111.9 64.98 21.0
112.7 63.98 21.0
113.7 62.98 21.0
112.8 61.98 21.0
112.7 60.98 21.0
